100 21
 3.12e+03 2.98e+03 2.84e+03 2.7e+03  2.56e+03 2.42e+03 2.28e+03 2.14e+03 2e+03    1.86e+03 1.72e+03 1.58e+03 1.44e+03 1.31e+03 1.17e+03 1.03e+03 902      771      646      528      424     
 3.1e+03  2.96e+03 2.82e+03 2.68e+03 2.54e+03 2.4e+03  2.26e+03 2.12e+03 1.98e+03 1.84e+03 1.7e+03  1.56e+03 1.42e+03 1.28e+03 1.14e+03 996      856      718      581      446      317     
 3.12e+03 2.98e+03 2.84e+03 2.7e+03  2.56e+03 2.42e+03 2.29e+03 2.15e+03 2.01e+03 1.87e+03 1.73e+03 1.59e+03 1.46e+03 1.32e+03 1.19e+03 1.06e+03 926      799      679      568      473     
 3.11e+03 2.97e+03 2.83e+03 2.69e+03 2.55e+03 2.41e+03 2.27e+03 2.13e+03 1.99e+03 1.85e+03 1.71e+03 1.58e+03 1.44e+03 1.3e+03  1.16e+03 1.03e+03 894      762      635      514      407     
 3.1e+03  2.96e+03 2.82e+03 2.68e+03 2.54e+03 2.4e+03  2.26e+03 2.11e+03 1.97e+03 1.83e+03 1.69e+03 1.55e+03 1.41e+03 1.27e+03 1.13e+03 989      849      710      571      433      298     
 3.13e+03 2.99e+03 2.85e+03 2.71e+03 2.57e+03 2.43e+03 2.29e+03 2.15e+03 2.01e+03 1.88e+03 1.74e+03 1.6e+03  1.47e+03 1.33e+03 1.2e+03  1.07e+03 938      814      696      588      497     
 3.12e+03 2.98e+03 2.84e+03 2.7e+03  2.56e+03 2.42e+03 2.28e+03 2.14e+03 2e+03    1.86e+03 1.72e+03 1.58e+03 1.45e+03 1.31e+03 1.18e+03 1.04e+03 909      780      656      540      440     
 3.11e+03 2.97e+03 2.83e+03 2.69e+03 2.54e+03 2.4e+03  2.26e+03 2.12e+03 1.98e+03 1.84e+03 1.7e+03  1.56e+03 1.42e+03 1.29e+03 1.15e+03 1.01e+03 872      736      603      475      356     
 3.1e+03  2.96e+03 2.82e+03 2.68e+03 2.54e+03 2.4e+03  2.26e+03 2.12e+03 1.98e+03 1.84e+03 1.7e+03  1.56e+03 1.42e+03 1.28e+03 1.14e+03 999      861      724      588      455      329     
 3.11e+03 2.97e+03 2.83e+03 2.69e+03 2.55e+03 2.41e+03 2.27e+03 2.13e+03 1.99e+03 1.85e+03 1.71e+03 1.57e+03 1.43e+03 1.29e+03 1.15e+03 1.02e+03 879      745      614      488      374     
 3.11e+03 2.97e+03 2.83e+03 2.69e+03 2.55e+03 2.40e+03 2.26e+03 2.12e+03 1.98e+03 1.84e+03 1.7e+03  1.56e+03 1.43e+03 1.29e+03 1.15e+03 1.01e+03 874      739      606      479      361     
 3.1e+03  2.96e+03 2.82e+03 2.68e+03 2.54e+03 2.4e+03  2.26e+03 2.12e+03 1.98e+03 1.84e+03 1.69e+03 1.55e+03 1.41e+03 1.27e+03 1.13e+03 994      854      715      578      442      311     
 3.12e+03 2.98e+03 2.84e+03 2.7e+03  2.56e+03 2.42e+03 2.28e+03 2.14e+03 2e+03    1.86e+03 1.72e+03 1.58e+03 1.44e+03 1.31e+03 1.17e+03 1.04e+03 904      774      649      532      430     
 3.11e+03 2.97e+03 2.82e+03 2.68e+03 2.54e+03 2.4e+03  2.26e+03 2.12e+03 1.98e+03 1.84e+03 1.7e+03  1.56e+03 1.42e+03 1.28e+03 1.14e+03 1.01e+03 869      733      600      471      351     
 3.12e+03 2.97e+03 2.83e+03 2.69e+03 2.55e+03 2.41e+03 2.27e+03 2.14e+03 2e+03    1.86e+03 1.72e+03 1.58e+03 1.44e+03 1.3e+03  1.17e+03 1.03e+03 900      770      644      525      421     
 3.11e+03 2.97e+03 2.82e+03 2.68e+03 2.54e+03 2.4e+03  2.26e+03 2.12e+03 1.98e+03 1.84e+03 1.7e+03  1.56e+03 1.42e+03 1.28e+03 1.14e+03 1.01e+03 870      734      600      471      351     
 3.11e+03 2.96e+03 2.82e+03 2.68e+03 2.54e+03 2.4e+03  2.26e+03 2.12e+03 1.98e+03 1.84e+03 1.7e+03  1.56e+03 1.42e+03 1.28e+03 1.14e+03 1e+03    865      729      594      463      340     
 3.12e+03 2.98e+03 2.84e+03 2.7e+03  2.56e+03 2.42e+03 2.28e+03 2.14e+03 2e+03    1.86e+03 1.72e+03 1.58e+03 1.44e+03 1.31e+03 1.17e+03 1.03e+03 901      771      646      528      424     
 3.12e+03 2.98e+03 2.84e+03 2.7e+03  2.56e+03 2.42e+03 2.28e+03 2.14e+03 2e+03    1.86e+03 1.72e+03 1.59e+03 1.45e+03 1.31e+03 1.18e+03 1.04e+03 910      781      658      543      442     
 3.11e+03 2.97e+03 2.83e+03 2.69e+03 2.55e+03 2.41e+03 2.27e+03 2.13e+03 1.99e+03 1.85e+03 1.71e+03 1.57e+03 1.43e+03 1.29e+03 1.15e+03 1.02e+03 881      748      617      492      379     
 3.11e+03 2.97e+03 2.83e+03 2.69e+03 2.55e+03 2.41e+03 2.27e+03 2.13e+03 1.99e+03 1.85e+03 1.71e+03 1.57e+03 1.43e+03 1.29e+03 1.15e+03 1.02e+03 882      749      618      494      382     
 3.11e+03 2.97e+03 2.83e+03 2.69e+03 2.55e+03 2.41e+03 2.27e+03 2.13e+03 1.99e+03 1.85e+03 1.72e+03 1.58e+03 1.44e+03 1.3e+03  1.16e+03 1.03e+03 895      764      637      517      411     
 3.11e+03 2.97e+03 2.83e+03 2.69e+03 2.55e+03 2.41e+03 2.27e+03 2.12e+03 1.98e+03 1.84e+03 1.71e+03 1.57e+03 1.43e+03 1.29e+03 1.15e+03 1.01e+03 875      740      608      481      364     
 3.11e+03 2.97e+03 2.83e+03 2.69e+03 2.55e+03 2.41e+03 2.27e+03 2.13e+03 1.99e+03 1.85e+03 1.72e+03 1.58e+03 1.44e+03 1.3e+03  1.16e+03 1.03e+03 895      764      637      517      411     
 3.13e+03 2.99e+03 2.85e+03 2.71e+03 2.57e+03 2.43e+03 2.29e+03 2.15e+03 2.01e+03 1.88e+03 1.74e+03 1.6e+03  1.47e+03 1.33e+03 1.2e+03  1.07e+03 938      814      696      589      498     
 3.12e+03 2.98e+03 2.84e+03 2.7e+03  2.56e+03 2.42e+03 2.28e+03 2.14e+03 2e+03    1.86e+03 1.72e+03 1.58e+03 1.45e+03 1.31e+03 1.17e+03 1.04e+03 908      779      655      539      438     
 3.1e+03  2.96e+03 2.82e+03 2.68e+03 2.54e+03 2.39e+03 2.25e+03 2.11e+03 1.97e+03 1.83e+03 1.69e+03 1.55e+03 1.41e+03 1.27e+03 1.13e+03 985      844      704      563      423      283     
 3.11e+03 2.97e+03 2.83e+03 2.69e+03 2.55e+03 2.41e+03 2.27e+03 2.13e+03 1.99e+03 1.85e+03 1.71e+03 1.57e+03 1.43e+03 1.3e+03  1.16e+03 1.02e+03 887      754      625      502      391     
 3.11e+03 2.96e+03 2.82e+03 2.68e+03 2.54e+03 2.4e+03  2.26e+03 2.12e+03 1.98e+03 1.84e+03 1.7e+03  1.56e+03 1.42e+03 1.28e+03 1.14e+03 1e+03    866      730      595      465      343     
 3.1e+03  2.96e+03 2.82e+03 2.68e+03 2.54e+03 2.4e+03  2.26e+03 2.11e+03 1.97e+03 1.83e+03 1.69e+03 1.55e+03 1.41e+03 1.27e+03 1.13e+03 990      850      710      571      434      299     
 3.1e+03  2.96e+03 2.82e+03 2.68e+03 2.54e+03 2.4e+03  2.26e+03 2.12e+03 1.98e+03 1.84e+03 1.7e+03  1.56e+03 1.42e+03 1.28e+03 1.14e+03 997      858      720      583      449      321     
 3.1e+03  2.96e+03 2.82e+03 2.68e+03 2.54e+03 2.4e+03  2.26e+03 2.12e+03 1.98e+03 1.84e+03 1.7e+03  1.56e+03 1.42e+03 1.28e+03 1.14e+03 999      860      722      586      453      327     
 3.12e+03 2.98e+03 2.84e+03 2.7e+03  2.56e+03 2.42e+03 2.28e+03 2.14e+03 2e+03    1.86e+03 1.72e+03 1.59e+03 1.45e+03 1.31e+03 1.18e+03 1.04e+03 910      781      657      541      441     
 3.12e+03 2.98e+03 2.84e+03 2.7e+03  2.56e+03 2.42e+03 2.28e+03 2.14e+03 2e+03    1.87e+03 1.73e+03 1.59e+03 1.45e+03 1.32e+03 1.18e+03 1.05e+03 918      791      669      556      459     
 3.11e+03 2.97e+03 2.83e+03 2.69e+03 2.55e+03 2.41e+03 2.27e+03 2.13e+03 1.99e+03 1.85e+03 1.72e+03 1.58e+03 1.44e+03 1.3e+03  1.16e+03 1.03e+03 895      763      636      516      409     
 3.12e+03 2.98e+03 2.84e+03 2.7e+03  2.56e+03 2.42e+03 2.28e+03 2.15e+03 2.01e+03 1.87e+03 1.73e+03 1.59e+03 1.46e+03 1.32e+03 1.19e+03 1.05e+03 924      798      677      566      470     
 3.1e+03  2.96e+03 2.82e+03 2.68e+03 2.54e+03 2.4e+03  2.26e+03 2.12e+03 1.98e+03 1.84e+03 1.7e+03  1.56e+03 1.42e+03 1.28e+03 1.14e+03 998      859      721      585      451      324     
 3.11e+03 2.97e+03 2.83e+03 2.69e+03 2.55e+03 2.41e+03 2.27e+03 2.13e+03 1.99e+03 1.85e+03 1.71e+03 1.57e+03 1.43e+03 1.29e+03 1.15e+03 1.01e+03 877      743      611      485      370     
 3.1e+03  2.96e+03 2.82e+03 2.68e+03 2.54e+03 2.39e+03 2.25e+03 2.11e+03 1.97e+03 1.83e+03 1.69e+03 1.55e+03 1.41e+03 1.27e+03 1.13e+03 985      845      704      563      423      284     
 3.1e+03  2.96e+03 2.82e+03 2.68e+03 2.54e+03 2.4e+03  2.26e+03 2.11e+03 1.97e+03 1.83e+03 1.69e+03 1.55e+03 1.41e+03 1.27e+03 1.13e+03 990      850      711      572      434      300     
 3.13e+03 2.99e+03 2.85e+03 2.71e+03 2.57e+03 2.43e+03 2.29e+03 2.15e+03 2.02e+03 1.88e+03 1.74e+03 1.6e+03  1.47e+03 1.33e+03 1.2e+03  1.07e+03 943      820      703      596      507     
 3.12e+03 2.98e+03 2.84e+03 2.7e+03  2.56e+03 2.42e+03 2.28e+03 2.14e+03 2e+03    1.86e+03 1.72e+03 1.58e+03 1.45e+03 1.31e+03 1.17e+03 1.04e+03 906      777      652      536      435     
 3.12e+03 2.98e+03 2.84e+03 2.7e+03  2.56e+03 2.42e+03 2.28e+03 2.14e+03 2.01e+03 1.87e+03 1.73e+03 1.59e+03 1.46e+03 1.32e+03 1.18e+03 1.05e+03 921      794      673      561      465     
 3.12e+03 2.98e+03 2.84e+03 2.7e+03  2.56e+03 2.42e+03 2.28e+03 2.14e+03 2e+03    1.87e+03 1.73e+03 1.59e+03 1.45e+03 1.32e+03 1.18e+03 1.05e+03 918      791      669      556      459     
 3.12e+03 2.98e+03 2.84e+03 2.7e+03  2.56e+03 2.42e+03 2.28e+03 2.14e+03 2e+03    1.86e+03 1.72e+03 1.58e+03 1.45e+03 1.31e+03 1.17e+03 1.04e+03 908      778      654      538      437     
 3.1e+03  2.96e+03 2.82e+03 2.68e+03 2.54e+03 2.4e+03  2.26e+03 2.12e+03 1.98e+03 1.84e+03 1.7e+03  1.56e+03 1.42e+03 1.28e+03 1.14e+03 998      860      722      586      452      325     
 3.1e+03  2.96e+03 2.82e+03 2.68e+03 2.54e+03 2.39e+03 2.25e+03 2.11e+03 1.97e+03 1.83e+03 1.69e+03 1.55e+03 1.41e+03 1.27e+03 1.13e+03 985      844      703      562      421      281     
 3.12e+03 2.97e+03 2.83e+03 2.69e+03 2.55e+03 2.41e+03 2.27e+03 2.13e+03 2e+03    1.86e+03 1.72e+03 1.58e+03 1.44e+03 1.3e+03  1.17e+03 1.03e+03 898      768      641      522      417     
 3.11e+03 2.96e+03 2.82e+03 2.68e+03 2.54e+03 2.4e+03  2.26e+03 2.12e+03 1.98e+03 1.84e+03 1.7e+03  1.56e+03 1.42e+03 1.28e+03 1.14e+03 1e+03    864      727      592      461      338     
 3.12e+03 2.98e+03 2.84e+03 2.7e+03  2.56e+03 2.42e+03 2.28e+03 2.14e+03 2e+03    1.86e+03 1.72e+03 1.58e+03 1.45e+03 1.31e+03 1.17e+03 1.04e+03 907      778      653      537      436     
 3.12e+03 2.98e+03 2.84e+03 2.7e+03  2.56e+03 2.42e+03 2.28e+03 2.14e+03 2e+03    1.86e+03 1.72e+03 1.59e+03 1.45e+03 1.31e+03 1.18e+03 1.04e+03 912      783      660      545      446     
 3.1e+03  2.96e+03 2.82e+03 2.68e+03 2.54e+03 2.4e+03  2.26e+03 2.12e+03 1.98e+03 1.84e+03 1.7e+03  1.55e+03 1.41e+03 1.27e+03 1.13e+03 994      855      716      579      444      313     
 3.1e+03  2.96e+03 2.82e+03 2.68e+03 2.54e+03 2.4e+03  2.26e+03 2.12e+03 1.97e+03 1.83e+03 1.69e+03 1.55e+03 1.41e+03 1.27e+03 1.13e+03 991      851      711      573      436      302     
 3.11e+03 2.96e+03 2.82e+03 2.68e+03 2.54e+03 2.4e+03  2.26e+03 2.12e+03 1.98e+03 1.84e+03 1.7e+03  1.56e+03 1.42e+03 1.28e+03 1.14e+03 1e+03    864      727      591      460      336     
 3.1e+03  2.96e+03 2.82e+03 2.68e+03 2.54e+03 2.4e+03  2.26e+03 2.12e+03 1.98e+03 1.84e+03 1.69e+03 1.55e+03 1.41e+03 1.27e+03 1.13e+03 993      854      715      577      442      311     
 3.1e+03  2.96e+03 2.82e+03 2.68e+03 2.54e+03 2.4e+03  2.26e+03 2.12e+03 1.98e+03 1.84e+03 1.7e+03  1.55e+03 1.41e+03 1.27e+03 1.13e+03 994      855      716      579      444      314     
 3.11e+03 2.97e+03 2.83e+03 2.69e+03 2.55e+03 2.41e+03 2.27e+03 2.13e+03 1.99e+03 1.85e+03 1.71e+03 1.57e+03 1.43e+03 1.29e+03 1.15e+03 1.02e+03 880      747      616      491      377     
 3.11e+03 2.97e+03 2.83e+03 2.69e+03 2.55e+03 2.41e+03 2.27e+03 2.13e+03 1.99e+03 1.85e+03 1.71e+03 1.57e+03 1.43e+03 1.29e+03 1.16e+03 1.02e+03 884      751      621      497      386     
 3.12e+03 2.98e+03 2.84e+03 2.7e+03  2.56e+03 2.42e+03 2.28e+03 2.14e+03 2e+03    1.86e+03 1.73e+03 1.59e+03 1.45e+03 1.32e+03 1.18e+03 1.05e+03 915      787      665      551      453     
 3.13e+03 2.99e+03 2.85e+03 2.71e+03 2.57e+03 2.43e+03 2.29e+03 2.15e+03 2.01e+03 1.87e+03 1.74e+03 1.6e+03  1.46e+03 1.33e+03 1.2e+03  1.06e+03 936      811      693      584      493     
 3.13e+03 2.99e+03 2.85e+03 2.71e+03 2.58e+03 2.44e+03 2.3e+03  2.16e+03 2.02e+03 1.89e+03 1.75e+03 1.61e+03 1.48e+03 1.34e+03 1.21e+03 1.08e+03 957      836      721      618      533     
 3.11e+03 2.97e+03 2.83e+03 2.69e+03 2.55e+03 2.41e+03 2.27e+03 2.13e+03 1.99e+03 1.85e+03 1.71e+03 1.57e+03 1.43e+03 1.29e+03 1.16e+03 1.02e+03 885      752      622      499      388     
 3.12e+03 2.98e+03 2.84e+03 2.7e+03  2.56e+03 2.43e+03 2.29e+03 2.15e+03 2.01e+03 1.87e+03 1.73e+03 1.6e+03  1.46e+03 1.32e+03 1.19e+03 1.06e+03 928      802      682      572      478     
 3.11e+03 2.97e+03 2.83e+03 2.69e+03 2.55e+03 2.41e+03 2.27e+03 2.13e+03 1.98e+03 1.85e+03 1.71e+03 1.57e+03 1.43e+03 1.29e+03 1.15e+03 1.01e+03 875      740      608      481      365     
 3.12e+03 2.98e+03 2.84e+03 2.7e+03  2.56e+03 2.42e+03 2.28e+03 2.14e+03 2e+03    1.86e+03 1.72e+03 1.59e+03 1.45e+03 1.31e+03 1.18e+03 1.04e+03 913      784      661      547      447     
 3.11e+03 2.96e+03 2.82e+03 2.68e+03 2.54e+03 2.4e+03  2.26e+03 2.12e+03 1.98e+03 1.84e+03 1.7e+03  1.56e+03 1.42e+03 1.28e+03 1.14e+03 1e+03    864      727      592      460      336     
 3.1e+03  2.96e+03 2.82e+03 2.68e+03 2.54e+03 2.4e+03  2.26e+03 2.12e+03 1.97e+03 1.83e+03 1.69e+03 1.55e+03 1.41e+03 1.27e+03 1.13e+03 991      851      712      573      436      302     
 3.12e+03 2.98e+03 2.84e+03 2.7e+03  2.56e+03 2.42e+03 2.28e+03 2.14e+03 2e+03    1.86e+03 1.73e+03 1.59e+03 1.45e+03 1.31e+03 1.18e+03 1.05e+03 915      787      664      550      451     
 3.12e+03 2.98e+03 2.84e+03 2.7e+03  2.56e+03 2.42e+03 2.28e+03 2.14e+03 2e+03    1.86e+03 1.72e+03 1.59e+03 1.45e+03 1.31e+03 1.18e+03 1.04e+03 911      782      659      544      444     
 3.11e+03 2.97e+03 2.83e+03 2.69e+03 2.55e+03 2.41e+03 2.27e+03 2.13e+03 1.99e+03 1.85e+03 1.71e+03 1.57e+03 1.44e+03 1.3e+03  1.16e+03 1.03e+03 891      759      631      510      402     
 3.11e+03 2.97e+03 2.83e+03 2.69e+03 2.55e+03 2.41e+03 2.27e+03 2.13e+03 1.99e+03 1.85e+03 1.71e+03 1.57e+03 1.44e+03 1.3e+03  1.16e+03 1.03e+03 891      759      631      510      402     
 3.1e+03  2.96e+03 2.82e+03 2.68e+03 2.54e+03 2.4e+03  2.26e+03 2.12e+03 1.98e+03 1.84e+03 1.69e+03 1.55e+03 1.41e+03 1.27e+03 1.13e+03 993      854      715      577      442      310     
 3.11e+03 2.97e+03 2.83e+03 2.68e+03 2.54e+03 2.4e+03  2.26e+03 2.12e+03 1.98e+03 1.84e+03 1.7e+03  1.56e+03 1.42e+03 1.28e+03 1.14e+03 1.01e+03 870      734      600      471      351     
 3.11e+03 2.96e+03 2.82e+03 2.68e+03 2.54e+03 2.4e+03  2.26e+03 2.12e+03 1.98e+03 1.84e+03 1.7e+03  1.56e+03 1.42e+03 1.28e+03 1.14e+03 1e+03    866      730      595      465      343     
 3.1e+03  2.96e+03 2.82e+03 2.68e+03 2.54e+03 2.4e+03  2.26e+03 2.12e+03 1.98e+03 1.84e+03 1.7e+03  1.56e+03 1.41e+03 1.27e+03 1.13e+03 995      856      718      580      446      316     
 3.12e+03 2.98e+03 2.84e+03 2.7e+03  2.56e+03 2.42e+03 2.29e+03 2.15e+03 2.01e+03 1.87e+03 1.73e+03 1.59e+03 1.46e+03 1.32e+03 1.19e+03 1.06e+03 926      799      679      568      473     
 3.11e+03 2.97e+03 2.83e+03 2.69e+03 2.55e+03 2.41e+03 2.27e+03 2.13e+03 1.99e+03 1.85e+03 1.71e+03 1.57e+03 1.43e+03 1.3e+03  1.16e+03 1.02e+03 887      755      626      503      393     
 3.11e+03 2.97e+03 2.83e+03 2.69e+03 2.54e+03 2.4e+03  2.26e+03 2.12e+03 1.98e+03 1.84e+03 1.7e+03  1.56e+03 1.42e+03 1.29e+03 1.15e+03 1.01e+03 871      736      603      475      356     
 3.1e+03  2.96e+03 2.82e+03 2.68e+03 2.54e+03 2.4e+03  2.26e+03 2.12e+03 1.98e+03 1.84e+03 1.7e+03  1.56e+03 1.42e+03 1.28e+03 1.14e+03 997      858      720      583      449      321     
 3.11e+03 2.97e+03 2.83e+03 2.68e+03 2.54e+03 2.4e+03  2.26e+03 2.12e+03 1.98e+03 1.84e+03 1.7e+03  1.56e+03 1.42e+03 1.28e+03 1.15e+03 1.01e+03 870      735      601      472      353     
 3.12e+03 2.98e+03 2.84e+03 2.7e+03  2.56e+03 2.42e+03 2.28e+03 2.14e+03 2e+03    1.87e+03 1.73e+03 1.59e+03 1.45e+03 1.32e+03 1.18e+03 1.05e+03 919      792      670      557      461     
 3.11e+03 2.97e+03 2.83e+03 2.69e+03 2.54e+03 2.4e+03  2.26e+03 2.12e+03 1.98e+03 1.84e+03 1.7e+03  1.56e+03 1.42e+03 1.29e+03 1.15e+03 1.01e+03 872      736      603      475      357     
 3.1e+03  2.96e+03 2.82e+03 2.68e+03 2.54e+03 2.4e+03  2.25e+03 2.11e+03 1.97e+03 1.83e+03 1.69e+03 1.55e+03 1.41e+03 1.27e+03 1.13e+03 987      847      707      567      428      290     
 3.1e+03  2.96e+03 2.82e+03 2.68e+03 2.54e+03 2.4e+03  2.26e+03 2.12e+03 1.98e+03 1.84e+03 1.7e+03  1.56e+03 1.42e+03 1.28e+03 1.14e+03 997      859      721      584      450      323     
 3.12e+03 2.98e+03 2.84e+03 2.7e+03  2.56e+03 2.42e+03 2.28e+03 2.14e+03 2e+03    1.86e+03 1.73e+03 1.59e+03 1.45e+03 1.32e+03 1.18e+03 1.05e+03 916      788      665      552      454     
 3.12e+03 2.98e+03 2.84e+03 2.7e+03  2.56e+03 2.42e+03 2.28e+03 2.14e+03 2e+03    1.86e+03 1.72e+03 1.59e+03 1.45e+03 1.31e+03 1.18e+03 1.04e+03 910      781      657      541      441     
 3.11e+03 2.96e+03 2.82e+03 2.68e+03 2.54e+03 2.4e+03  2.26e+03 2.12e+03 1.98e+03 1.84e+03 1.7e+03  1.56e+03 1.42e+03 1.28e+03 1.14e+03 1e+03    862      724      589      456      331     
 3.11e+03 2.97e+03 2.83e+03 2.69e+03 2.55e+03 2.41e+03 2.27e+03 2.13e+03 1.99e+03 1.85e+03 1.71e+03 1.57e+03 1.43e+03 1.29e+03 1.16e+03 1.02e+03 885      752      623      500      389     
 3.11e+03 2.97e+03 2.83e+03 2.68e+03 2.54e+03 2.4e+03  2.26e+03 2.12e+03 1.98e+03 1.84e+03 1.7e+03  1.56e+03 1.42e+03 1.28e+03 1.15e+03 1.01e+03 871      735      602      473      354     
 3.11e+03 2.97e+03 2.83e+03 2.69e+03 2.55e+03 2.41e+03 2.27e+03 2.13e+03 1.99e+03 1.85e+03 1.71e+03 1.57e+03 1.43e+03 1.3e+03  1.16e+03 1.02e+03 887      754      625      502      392     
 3.12e+03 2.98e+03 2.84e+03 2.7e+03  2.56e+03 2.42e+03 2.28e+03 2.14e+03 2e+03    1.86e+03 1.73e+03 1.59e+03 1.45e+03 1.32e+03 1.18e+03 1.05e+03 915      787      664      550      452     
 3.12e+03 2.98e+03 2.83e+03 2.69e+03 2.55e+03 2.42e+03 2.28e+03 2.14e+03 2e+03    1.86e+03 1.72e+03 1.58e+03 1.44e+03 1.31e+03 1.17e+03 1.03e+03 901      770      645      527      423     
 3.12e+03 2.98e+03 2.84e+03 2.7e+03  2.56e+03 2.42e+03 2.28e+03 2.14e+03 2e+03    1.86e+03 1.72e+03 1.59e+03 1.45e+03 1.31e+03 1.18e+03 1.04e+03 911      782      659      544      444     
 3.12e+03 2.98e+03 2.84e+03 2.7e+03  2.56e+03 2.42e+03 2.28e+03 2.14e+03 2e+03    1.87e+03 1.73e+03 1.59e+03 1.45e+03 1.32e+03 1.18e+03 1.05e+03 919      791      669      556      459     
 3.1e+03  2.96e+03 2.82e+03 2.68e+03 2.54e+03 2.39e+03 2.25e+03 2.11e+03 1.97e+03 1.83e+03 1.69e+03 1.55e+03 1.41e+03 1.27e+03 1.13e+03 986      846      705      565      425      287     
 3.13e+03 2.99e+03 2.85e+03 2.71e+03 2.57e+03 2.43e+03 2.29e+03 2.15e+03 2.01e+03 1.87e+03 1.74e+03 1.6e+03  1.46e+03 1.33e+03 1.19e+03 1.06e+03 934      809      690      581      489     
 3.12e+03 2.98e+03 2.84e+03 2.7e+03  2.56e+03 2.42e+03 2.28e+03 2.14e+03 2e+03    1.86e+03 1.72e+03 1.58e+03 1.45e+03 1.31e+03 1.17e+03 1.04e+03 907      778      653      537      435     
 3.11e+03 2.96e+03 2.82e+03 2.68e+03 2.54e+03 2.4e+03  2.26e+03 2.12e+03 1.98e+03 1.84e+03 1.7e+03  1.56e+03 1.42e+03 1.28e+03 1.14e+03 1e+03    865      729      594      463      341     
 3.11e+03 2.97e+03 2.83e+03 2.69e+03 2.55e+03 2.41e+03 2.27e+03 2.12e+03 1.98e+03 1.84e+03 1.71e+03 1.57e+03 1.43e+03 1.29e+03 1.15e+03 1.01e+03 875      740      608      481      364     
 3.11e+03 2.97e+03 2.83e+03 2.69e+03 2.54e+03 2.4e+03  2.26e+03 2.12e+03 1.98e+03 1.84e+03 1.7e+03  1.56e+03 1.42e+03 1.29e+03 1.15e+03 1.01e+03 872      736      604      475      357     
