 0.1      0.2      0.3      0.4      0.5      0.6      0.7      0.8      0.9      1        1.1      1.2      1.3      1.4      1.5      1.6      1.7      1.8      1.9      2        2.1     
 1.1      2.2      3.3      4.4      5.5      6.6      7.7      8.8      9.9      11       12.1     13.2     14.3     15.4     16.5     17.6     18.7     19.8     20.9     22       23.1    
 2.1      4.2      6.3      8.4      10.5     12.6     14.7     16.8     18.9     21       23.1     25.2     27.3     29.4     31.5     33.6     35.7     37.8     39.9     42       44.1    
 3.1      6.2      9.3      12.4     15.5     18.6     21.7     24.8     27.9     31       34.1     37.2     40.3     43.4     46.5     49.6     52.7     55.8     58.9     62       65.1    
 4.1      8.2      12.3     16.4     20.5     24.6     28.7     32.8     36.9     41       45.1     49.2     53.3     57.4     61.5     65.6     69.7     73.8     77.9     82       86.1    
 5.1      10.2     15.3     20.4     25.5     30.6     35.7     40.8     45.9     51       56.1     61.2     66.3     71.4     76.5     81.6     86.7     91.8     96.9     102      107     
 6.1      12.2     18.3     24.4     30.5     36.6     42.7     48.8     54.9     61       67.1     73.2     79.3     85.4     91.5     97.6     104      110      116      122      128     
 7.1      14.2     21.3     28.4     35.5     42.6     49.7     56.8     63.9     71       78.1     85.2     92.3     99.4     106      114      121      128      135      142      149     
 8.1      16.2     24.3     32.4     40.5     48.6     56.7     64.8     72.9     81       89.1     97.2     105      113      122      130      138      146      154      162      170     
 9.1      18.2     27.3     36.4     45.5     54.6     63.7     72.8     81.9     91       100      109      118      127      136      146      155      164      173      182      191     
 10.1     20.2     30.3     40.4     50.5     60.6     70.7     80.8     90.9     101      111      121      131      141      152      162      172      182      192      202      212     
 11.1     22.2     33.3     44.4     55.5     66.6     77.7     88.8     99.9     111      122      133      144      155      166      178      189      200      211      222      233     
 12.1     24.2     36.3     48.4     60.5     72.6     84.7     96.8     109      121      133      145      157      169      182      194      206      218      230      242      254     
 13.1     26.2     39.3     52.4     65.5     78.6     91.7     105      118      131      144      157      170      183      196      210      223      236      249      262      275     
 14.1     28.2     42.3     56.4     70.5     84.6     98.7     113      127      141      155      169      183      197      212      226      240      254      268      282      296     
 15.1     30.2     45.3     60.4     75.5     90.6     106      121      136      151      166      181      196      211      226      242      257      272      287      302      317     
 16.1     32.2     48.3     64.4     80.5     96.6     113      129      145      161      177      193      209      225      242      258      274      290      306      322      338     
 17.1     34.2     51.3     68.4     85.5     103      120      137      154      171      188      205      222      239      256      274      291      308      325      342      359     
 18.1     36.2     54.3     72.4     90.5     109      127      145      163      181      199      217      235      253      272      290      308      326      344      362      380     
 19.1     38.2     57.3     76.4     95.5     115      134      153      172      191      210      229      248      267      286      306      325      344      363      382      401     
 20.1     40.2     60.3     80.4     100      121      141      161      181      201      221      241      261      281      302      322      342      362      382      402      422     
 21.1     42.2     63.3     84.4     106      127      148      169      190      211      232      253      274      295      316      338      359      380      401      422      443     
 22.1     44.2     66.3     88.4     110      133      155      177      199      221      243      265      287      309      332      354      376      398      420      442      464     
 23.1     46.2     69.3     92.4     116      139      162      185      208      231      254      277      300      323      346      370      393      416      439      462      485     
 24.1     48.2     72.3     96.4     120      145      169      193      217      241      265      289      313      337      362      386      410      434      458      482      506     
 25.1     50.2     75.3     100      126      151      176      201      226      251      276      301      326      351      376      402      427      452      477      502      527     
 26.1     52.2     78.3     104      130      157      183      209      235      261      287      313      339      365      392      418      444      470      496      522      548     
 27.1     54.2     81.3     108      136      163      190      217      244      271      298      325      352      379      406      434      461      488      515      542      569     
 28.1     56.2     84.3     112      140      169      197      225      253      281      309      337      365      393      422      450      478      506      534      562      590     
 29.1     58.2     87.3     116      146      175      204      233      262      291      320      349      378      407      436      466      495      524      553      582      611     
 30.1     60.2     90.3     120      150      181      211      241      271      301      331      361      391      421      452      482      512      542      572      602      632     
 31.1     62.2     93.3     124      156      187      218      249      280      311      342      373      404      435      466      498      529      560      591      622      653     
 32.1     64.2     96.3     128      160      193      225      257      289      321      353      385      417      449      482      514      546      578      610      642      674     
 33.1     66.2     99.3     132      166      199      232      265      298      331      364      397      430      463      496      530      563      596      629      662      695     
 34.1     68.2     102      136      170      205      239      273      307      341      375      409      443      477      512      546      580      614      648      682      716     
 35.1     70.2     105      140      176      211      246      281      316      351      386      421      456      491      526      562      597      632      667      702      737     
 36.1     72.2     108      144      180      217      253      289      325      361      397      433      469      505      542      578      614      650      686      722      758     
 37.1     74.2     111      148      186      223      260      297      334      371      408      445      482      519      556      594      631      668      705      742      779     
 38.1     76.2     114      152      190      229      267      305      343      381      419      457      495      533      572      610      648      686      724      762      800     
 39.1     78.2     117      156      196      235      274      313      352      391      430      469      508      547      586      626      665      704      743      782      821     
 40.1     80.2     120      160      200      241      281      321      361      401      441      481      521      561      602      642      682      722      762      802      842     
 41.1     82.2     123      164      206      247      288      329      370      411      452      493      534      575      616      658      699      740      781      822      863     
 42.1     84.2     126      168      210      253      295      337      379      421      463      505      547      589      632      674      716      758      800      842      884     
 43.1     86.2     129      172      216      259      302      345      388      431      474      517      560      603      646      690      733      776      819      862      905     
 44.1     88.2     132      176      220      265      309      353      397      441      485      529      573      617      662      706      750      794      838      882      926     
 45.1     90.2     135      180      226      271      316      361      406      451      496      541      586      631      676      722      767      812      857      902      947     
 46.1     92.2     138      184      230      277      323      369      415      461      507      553      599      645      692      738      784      830      876      922      968     
 47.1     94.2     141      188      236      283      330      377      424      471      518      565      612      659      706      754      801      848      895      942      989     
 48.1     96.2     144      192      240      289      337      385      433      481      529      577      625      673      722      770      818      866      914      962      1.01e+03
 49.1     98.2     147      196      246      295      344      393      442      491      540      589      638      687      736      786      835      884      933      982      1.03e+03
 50.1     100      150      200      250      301      351      401      451      501      551      601      651      701      752      802      852      902      952      1e+03    1.05e+03
 51.1     102      153      204      256      307      358      409      460      511      562      613      664      715      766      818      869      920      971      1.02e+03 1.07e+03
 52.1     104      156      208      260      313      365      417      469      521      573      625      677      729      782      834      886      938      990      1.04e+03 1.09e+03
 53.1     106      159      212      266      319      372      425      478      531      584      637      690      743      796      850      903      956      1.01e+03 1.06e+03 1.12e+03
 54.1     108      162      216      270      325      379      433      487      541      595      649      703      757      812      866      920      974      1.03e+03 1.08e+03 1.14e+03
 55.1     110      165      220      276      331      386      441      496      551      606      661      716      771      826      882      937      992      1.05e+03 1.1e+03  1.16e+03
 56.1     112      168      224      280      337      393      449      505      561      617      673      729      785      842      898      954      1.01e+03 1.07e+03 1.12e+03 1.18e+03
 57.1     114      171      228      286      343      400      457      514      571      628      685      742      799      856      914      971      1.03e+03 1.08e+03 1.14e+03 1.2e+03 
 58.1     116      174      232      290      349      407      465      523      581      639      697      755      813      872      930      988      1.05e+03 1.1e+03  1.16e+03 1.22e+03
 59.1     118      177      236      296      355      414      473      532      591      650      709      768      827      886      946      1e+03    1.06e+03 1.12e+03 1.18e+03 1.24e+03
 60.1     120      180      240      300      361      421      481      541      601      661      721      781      841      902      962      1.02e+03 1.08e+03 1.14e+03 1.2e+03  1.26e+03
 61.1     122      183      244      306      367      428      489      550      611      672      733      794      855      916      978      1.04e+03 1.1e+03  1.16e+03 1.22e+03 1.28e+03
 62.1     124      186      248      310      373      435      497      559      621      683      745      807      869      932      994      1.06e+03 1.12e+03 1.18e+03 1.24e+03 1.3e+03 
 63.1     126      189      252      316      379      442      505      568      631      694      757      820      883      946      1.01e+03 1.07e+03 1.14e+03 1.2e+03  1.26e+03 1.33e+03
 64.1     128      192      256      320      385      449      513      577      641      705      769      833      897      961      1.03e+03 1.09e+03 1.15e+03 1.22e+03 1.28e+03 1.35e+03
 65.1     130      195      260      326      391      456      521      586      651      716      781      846      911      976      1.04e+03 1.11e+03 1.17e+03 1.24e+03 1.3e+03  1.37e+03
 66.1     132      198      264      330      397      463      529      595      661      727      793      859      925      991      1.06e+03 1.12e+03 1.19e+03 1.26e+03 1.32e+03 1.39e+03
 67.1     134      201      268      336      403      470      537      604      671      738      805      872      939      1.01e+03 1.07e+03 1.14e+03 1.21e+03 1.27e+03 1.34e+03 1.41e+03
 68.1     136      204      272      340      409      477      545      613      681      749      817      885      953      1.02e+03 1.09e+03 1.16e+03 1.23e+03 1.29e+03 1.36e+03 1.43e+03
 69.1     138      207      276      346      415      484      553      622      691      760      829      898      967      1.04e+03 1.11e+03 1.17e+03 1.24e+03 1.31e+03 1.38e+03 1.45e+03
 70.1     140      210      280      350      421      491      561      631      701      771      841      911      981      1.05e+03 1.12e+03 1.19e+03 1.26e+03 1.33e+03 1.4e+03  1.47e+03
 71.1     142      213      284      356      427      498      569      640      711      782      853      924      995      1.07e+03 1.14e+03 1.21e+03 1.28e+03 1.35e+03 1.42e+03 1.49e+03
 72.1     144      216      288      360      433      505      577      649      721      793      865      937      1.01e+03 1.08e+03 1.15e+03 1.23e+03 1.3e+03  1.37e+03 1.44e+03 1.51e+03
 73.1     146      219      292      366      439      512      585      658      731      804      877      950      1.02e+03 1.1e+03  1.17e+03 1.24e+03 1.32e+03 1.39e+03 1.46e+03 1.54e+03
 74.1     148      222      296      370      445      519      593      667      741      815      889      963      1.04e+03 1.11e+03 1.19e+03 1.26e+03 1.33e+03 1.41e+03 1.48e+03 1.56e+03
 75.1     150      225      300      376      451      526      601      676      751      826      901      976      1.05e+03 1.13e+03 1.2e+03  1.28e+03 1.35e+03 1.43e+03 1.5e+03  1.58e+03
 76.1     152      228      304      380      457      533      609      685      761      837      913      989      1.07e+03 1.14e+03 1.22e+03 1.29e+03 1.37e+03 1.45e+03 1.52e+03 1.6e+03 
 77.1     154      231      308      386      463      540      617      694      771      848      925      1e+03    1.08e+03 1.16e+03 1.23e+03 1.31e+03 1.39e+03 1.46e+03 1.54e+03 1.62e+03
 78.1     156      234      312      390      469      547      625      703      781      859      937      1.02e+03 1.09e+03 1.17e+03 1.25e+03 1.33e+03 1.41e+03 1.48e+03 1.56e+03 1.64e+03
 79.1     158      237      316      396      475      554      633      712      791      870      949      1.03e+03 1.11e+03 1.19e+03 1.27e+03 1.34e+03 1.42e+03 1.5e+03  1.58e+03 1.66e+03
 80.1     160      240      320      400      481      561      641      721      801      881      961      1.04e+03 1.12e+03 1.2e+03  1.28e+03 1.36e+03 1.44e+03 1.52e+03 1.6e+03  1.68e+03
 81.1     162      243      324      406      487      568      649      730      811      892      973      1.05e+03 1.14e+03 1.22e+03 1.3e+03  1.38e+03 1.46e+03 1.54e+03 1.62e+03 1.7e+03 
 82.1     164      246      328      410      493      575      657      739      821      903      985      1.07e+03 1.15e+03 1.23e+03 1.31e+03 1.4e+03  1.48e+03 1.56e+03 1.64e+03 1.72e+03
 83.1     166      249      332      416      499      582      665      748      831      914      997      1.08e+03 1.16e+03 1.25e+03 1.33e+03 1.41e+03 1.5e+03  1.58e+03 1.66e+03 1.75e+03
 84.1     168      252      336      420      505      589      673      757      841      925      1.01e+03 1.09e+03 1.18e+03 1.26e+03 1.35e+03 1.43e+03 1.51e+03 1.6e+03  1.68e+03 1.77e+03
 85.1     170      255      340      426      511      596      681      766      851      936      1.02e+03 1.11e+03 1.19e+03 1.28e+03 1.36e+03 1.45e+03 1.53e+03 1.62e+03 1.7e+03  1.79e+03
 86.1     172      258      344      430      517      603      689      775      861      947      1.03e+03 1.12e+03 1.21e+03 1.29e+03 1.38e+03 1.46e+03 1.55e+03 1.64e+03 1.72e+03 1.81e+03
 87.1     174      261      348      436      523      610      697      784      871      958      1.05e+03 1.13e+03 1.22e+03 1.31e+03 1.39e+03 1.48e+03 1.57e+03 1.65e+03 1.74e+03 1.83e+03
 88.1     176      264      352      440      529      617      705      793      881      969      1.06e+03 1.15e+03 1.23e+03 1.32e+03 1.41e+03 1.5e+03  1.59e+03 1.67e+03 1.76e+03 1.85e+03
 89.1     178      267      356      446      535      624      713      802      891      980      1.07e+03 1.16e+03 1.25e+03 1.34e+03 1.43e+03 1.51e+03 1.6e+03  1.69e+03 1.78e+03 1.87e+03
 90.1     180      270      360      450      541      631      721      811      901      991      1.08e+03 1.17e+03 1.26e+03 1.35e+03 1.44e+03 1.53e+03 1.62e+03 1.71e+03 1.8e+03  1.89e+03
 91.1     182      273      364      456      547      638      729      820      911      1e+03    1.09e+03 1.18e+03 1.28e+03 1.37e+03 1.46e+03 1.55e+03 1.64e+03 1.73e+03 1.82e+03 1.91e+03
 92.1     184      276      368      460      553      645      737      829      921      1.01e+03 1.11e+03 1.2e+03  1.29e+03 1.38e+03 1.47e+03 1.57e+03 1.66e+03 1.75e+03 1.84e+03 1.93e+03
 93.1     186      279      372      466      559      652      745      838      931      1.02e+03 1.12e+03 1.21e+03 1.3e+03  1.4e+03  1.49e+03 1.58e+03 1.68e+03 1.77e+03 1.86e+03 1.96e+03
 94.1     188      282      376      470      565      659      753      847      941      1.04e+03 1.13e+03 1.22e+03 1.32e+03 1.41e+03 1.51e+03 1.6e+03  1.69e+03 1.79e+03 1.88e+03 1.98e+03
 95.1     190      285      380      476      571      666      761      856      951      1.05e+03 1.14e+03 1.24e+03 1.33e+03 1.43e+03 1.52e+03 1.62e+03 1.71e+03 1.81e+03 1.9e+03  2e+03   
 96.1     192      288      384      480      577      673      769      865      961      1.06e+03 1.15e+03 1.25e+03 1.35e+03 1.44e+03 1.54e+03 1.63e+03 1.73e+03 1.83e+03 1.92e+03 2.02e+03
 97.1     194      291      388      486      583      680      777      874      971      1.07e+03 1.17e+03 1.26e+03 1.36e+03 1.46e+03 1.55e+03 1.65e+03 1.75e+03 1.84e+03 1.94e+03 2.04e+03
 98.1     196      294      392      490      589      687      785      883      981      1.08e+03 1.18e+03 1.28e+03 1.37e+03 1.47e+03 1.57e+03 1.67e+03 1.77e+03 1.86e+03 1.96e+03 2.06e+03
 99.1     198      297      396      496      595      694      793      892      991      1.09e+03 1.19e+03 1.29e+03 1.39e+03 1.49e+03 1.59e+03 1.68e+03 1.78e+03 1.88e+03 1.98e+03 2.08e+03
