640.66	762.97	894.1	1030.7	1170.8	1313.4	1458.6
505.82	653.87	803.01	952.75	1102.8	1253.1	1404.6
508.63	656.04	804.79	954.24	1104.1	1254.3	1405.6
716.35	827.55	949.8	1079.4	1213.9	1351.9	1493.4
580.26	713.01	851.87	994.27	1138.9	1285	1433.1
667.63	785.76	913.63	1047.7	1185.8	1326.7	1470.6
602.12	730.92	866.91	1007.2	1150.2	1295	1442
721.23	831.78	953.49	1082.6	1216.8	1354.5	1495.7
677.99	794.58	921.22	1054.3	1191.7	1332	1475.3
704.43	817.25	940.85	1071.5	1206.9	1345.6	1487.7
536.33	677.74	822.57	969.28	1117.1	1265.7	1415.8
618.74	744.67	878.53	1017.2	1159	1302.8	1449.1
714.33	825.8	948.28	1078	1212.7	1350.8	1492.4
689.14	804.12	929.46	1061.5	1198	1337.7	1480.5
550.62	689.1	831.96	977.26	1124.1	1271.9	1421.3
565.72	701.23	842.03	985.85	1131.5	1278.5	1427.2
682.02	798.02	924.19	1056.9	1193.9	1334	1477.2
628.31	752.63	885.29	1023.1	1164.1	1307.4	1453.2
690.37	805.17	930.37	1062.3	1198.7	1338.3	1481.1
710.91	822.85	945.71	1075.8	1210.7	1349	1490.8
523.7	667.79	814.39	962.35	1111.1	1260.4	1411.1
805.61	905.92	1018.8	1140.6	1268.6	1401.2	1538.2
595.57	725.53	862.37	1003.3	1146.8	1292	1439.3
597.25	726.91	863.53	1004.3	1147.6	1292.7	1440
682.33	798.29	924.42	1057.1	1194.1	1334.2	1477.3
783.9	886.67	1001.7	1125.3	1254.9	1388.9	1526.9
519.55	664.54	811.73	960.1	1109.2	1258.7	1409.6
499.12	648.69	798.81	949.2	1099.8	1250.4	1402.2
684.31	799.98	925.88	1058.4	1195.3	1335.2	1478.3
581.58	714.09	852.77	995.04	1139.6	1285.6	1433.6
603.96	732.43	868.18	1008.3	1151.1	1295.8	1442.8
571.19	705.65	845.72	989	1134.3	1280.9	1429.4
498.44	648.17	798.38	948.85	1099.5	1250.2	1401.9
751.26	857.95	976.41	1102.8	1234.8	1370.7	1510.4
722.22	832.64	954.24	1083.3	1217.4	1355	1496.2
653.29	773.61	903.2	1038.6	1177.8	1319.6	1464.2
591.97	722.57	859.89	1001.1	1144.9	1290.3	1437.8
612.82	739.75	874.37	1013.6	1155.8	1300	1446.5
614.9	741.48	875.83	1014.9	1156.9	1301	1447.4
588.74	719.93	857.66	999.24	1143.2	1288.8	1436.5
728.87	838.42	959.29	1087.7	1221.3	1358.6	1499.4
556.82	694.07	836.07	980.77	1127.1	1274.6	1423.7
556.68	693.96	835.99	980.7	1127.1	1274.5	1423.7
651.32	771.95	901.77	1037.3	1176.7	1318.6	1463.3
566.56	701.91	842.59	986.33	1132	1278.8	1427.6
574.38	708.24	847.88	990.85	1135.9	1282.3	1430.7
619.07	744.94	878.76	1017.4	1159.1	1303	1449.2
541.18	681.59	825.74	971.98	1119.5	1267.8	1417.7
803.11	903.7	1016.8	1138.8	1267	1399.8	1536.9
695.11	809.24	933.89	1065.4	1201.5	1340.8	1483.3
622.45	747.75	881.15	1019.5	1161	1304.6	1450.7
632.68	756.29	888.4	1025.7	1166.5	1309.5	1455.1
514.63	660.71	808.59	957.45	1106.9	1256.7	1407.8
595.86	725.76	862.57	1003.5	1146.9	1292.1	1439.4
514.73	660.78	808.65	957.5	1106.9	1256.7	1407.8
548.51	687.42	830.56	976.08	1123	1270.9	1420.5
682.24	798.21	924.36	1057	1194.1	1334.1	1477.3
786.07	888.59	1003.4	1126.8	1256.3	1390.1	1528
726.54	836.39	957.52	1086.2	1219.9	1357.3	1498.3
586.02	717.71	855.8	997.64	1141.8	1287.6	1435.4
604.92	733.22	868.85	1008.9	1151.6	1296.3	1443.2
627.58	752.03	884.78	1022.6	1163.7	1307	1452.9
506.81	654.63	803.64	953.27	1103.3	1253.5	1404.9
664.49	783.1	911.33	1045.7	1184	1325.1	1469.2
501.52	650.54	800.31	950.47	1100.9	1251.4	1403
708.95	821.16	944.24	1074.5	1209.5	1348	1489.8
596.26	726.09	862.84	1003.7	1147.1	1292.3	1439.6
553.1	691.09	833.61	978.67	1125.3	1272.9	1422.3
544.94	684.58	828.22	974.08	1121.3	1269.4	1419.1
501.61	650.61	800.37	950.51	1100.9	1251.4	1403.1
631.83	755.58	887.8	1025.2	1166	1309.1	1454.7
617.75	743.84	877.83	1016.6	1158.4	1302.3	1448.6
637.16	760.04	891.6	1028.5	1168.9	1311.6	1457
627.93	752.32	885.03	1022.8	1163.9	1307.2	1453
706.33	818.89	942.27	1072.7	1208	1346.6	1488.6
594.03	724.26	861.3	1002.4	1146	1291.2	1438.7
773.54	877.53	993.65	1118.1	1248.5	1383	1521.6
549.66	688.34	831.32	976.72	1123.6	1271.4	1420.9
649.59	770.49	900.52	1036.3	1175.7	1317.7	1462.5
645.5	767.04	897.58	1033.7	1173.5	1315.7	1460.7
729.61	839.06	959.85	1088.2	1221.8	1359	1499.8
530.49	673.13	818.78	966.07	1114.4	1263.3	1413.6
494.99	645.52	796.23	947.04	1097.9	1248.8	1400.7
703.16	816.16	939.9	1070.7	1206.1	1344.9	1487.1
602.58	731.3	867.23	1007.5	1150.4	1295.2	1442.2
625.42	750.22	883.25	1021.3	1162.5	1306	1451.9
515.69	661.53	809.26	958.02	1107.4	1257.1	1408.1
554.27	692.03	834.38	979.33	1125.9	1273.4	1422.7
582.31	714.68	853.26	995.46	1139.9	1285.9	1433.9
701.38	814.63	938.57	1069.5	1205.1	1344	1486.2
567.9	703	843.5	987.11	1132.6	1279.4	1428.1
736.46	845.02	965.07	1092.8	1225.9	1362.7	1503.1
635.14	758.34	890.15	1027.3	1167.8	1310.7	1456.1
713.07	824.72	947.34	1077.2	1212	1350.2	1491.8
515.23	661.18	808.98	957.78	1107.2	1256.9	1408
502.59	651.37	800.99	951.04	1101.3	1251.8	1403.4
568.03	703.09	843.58	987.18	1132.7	1279.5	1428.1
596.99	726.7	863.35	1004.1	1147.5	1292.6	1439.9
522.61	666.94	813.69	961.76	1110.6	1260	1410.7
610.01	737.43	872.41	1011.9	1154.3	1298.7	1445.4
731.87	841.02	961.56	1089.7	1223.1	1360.2	1500.9
836.36	933.37	1043.3	1162.5	1288.4	1419.1	1554.5
625.23	750.06	883.11	1021.2	1162.4	1305.9	1451.8
630.74	754.67	887.02	1024.5	1165.4	1308.5	1454.2
537.25	678.47	823.17	969.8	1117.6	1266.1	1416.2
749.58	856.48	975.12	1101.7	1233.8	1369.8	1509.6
639.36	761.88	893.17	1029.9	1170.1	1312.7	1458
622.98	748.19	881.52	1019.8	1161.2	1304.8	1450.9
688.8	803.82	929.2	1061.3	1197.8	1337.5	1480.3
548.21	687.18	830.36	975.91	1122.9	1270.8	1420.4
513.13	659.54	807.64	956.65	1106.2	1256.1	1407.2
707.41	819.83	943.08	1073.5	1208.6	1347.2	1489.1
553.93	691.76	834.16	979.14	1125.7	1273.3	1422.6
527.75	670.98	817.01	964.57	1113.1	1262.1	1412.6
617.12	743.32	877.39	1016.2	1158.1	1302	1448.4
684.65	800.27	926.13	1058.6	1195.5	1335.4	1478.4
506.37	654.29	803.36	953.03	1103.1	1253.3	1404.8
681.38	797.47	923.72	1056.5	1193.6	1333.7	1476.9
678.44	794.96	921.55	1054.6	1191.9	1332.2	1475.5
555.77	693.23	835.38	980.18	1126.6	1274.1	1423.3
589.58	720.62	858.24	999.74	1143.7	1289.2	1436.9
535.09	676.76	821.76	968.6	1116.5	1265.2	1415.4
545.44	684.98	828.54	974.36	1121.5	1269.6	1419.3
693.1	807.51	932.4	1064.1	1200.3	1339.7	1482.3
696.3	810.26	934.78	1066.2	1202.2	1341.4	1483.8
535.42	677.03	821.98	968.79	1116.7	1265.4	1415.5
526.92	670.32	816.47	964.11	1112.7	1261.8	1412.3
555.46	692.98	835.17	980	1126.5	1274	1423.2
504.89	653.15	802.43	952.25	1102.4	1252.7	1404.2
759.11	864.83	982.46	1108.2	1239.6	1375	1514.3
565.1	700.73	841.61	985.5	1131.2	1278.2	1427
684.41	800.06	925.95	1058.4	1195.3	1335.2	1478.3
544.8	684.47	828.12	974	1121.2	1269.4	1419.1
604.48	732.86	868.55	1008.6	1151.4	1296.1	1443
708.58	820.83	943.96	1074.2	1209.3	1347.8	1489.6
510.17	657.24	805.76	955.06	1104.8	1254.9	1406.1
686.4	801.77	927.43	1059.7	1196.5	1336.3	1479.2
510.64	657.6	806.06	955.31	1105	1255.1	1406.3
694.91	809.06	933.74	1065.3	1201.4	1340.7	1483.2
555.19	692.77	834.99	979.85	1126.3	1273.8	1423.1
676.89	793.64	920.41	1053.6	1191	1331.4	1474.8
596.72	726.47	863.16	1004	1147.4	1292.5	1439.8
