550.58	689.07	831.93	977.24	1124.1	1271.8	1421.3
677.6	794.25	920.94	1054	1191.4	1331.8	1475.2
685.96	801.39	927.1	1059.4	1196.2	1336	1479
549.02	687.83	830.9	976.37	1123.3	1271.2	1420.7
751.27	857.96	976.41	1102.8	1234.8	1370.7	1510.4
497.72	647.62	797.94	948.47	1099.1	1249.9	1401.7
579.97	712.78	851.67	994.1	1138.7	1284.8	1432.9
589.36	720.44	858.09	999.6	1143.5	1289.1	1436.8
839.13	935.85	1045.5	1164.5	1290.2	1420.8	1556
575.23	708.93	848.45	991.34	1136.3	1282.7	1431
527.56	670.82	816.88	964.46	1113	1262.1	1412.5
709.41	821.56	944.59	1074.8	1209.8	1348.2	1490
707.96	820.3	943.49	1073.8	1209	1347.5	1489.3
693.62	807.96	932.78	1064.4	1200.6	1340	1482.6
639.07	761.64	892.97	1029.7	1169.9	1312.6	1457.9
516.36	662.06	809.7	958.38	1107.7	1257.4	1408.4
594.88	724.96	861.89	1002.9	1146.4	1291.6	1439
697.32	811.14	935.54	1066.8	1202.8	1341.9	1484.3
503.52	652.08	801.56	951.52	1101.8	1252.2	1403.7
533.53	675.53	820.75	967.74	1115.8	1264.6	1414.8
518.73	663.9	811.21	959.66	1108.8	1258.4	1409.3
526.14	669.71	815.97	963.69	1112.3	1261.5	1412
805.29	905.64	1018.6	1140.3	1268.4	1401.1	1538
701.57	814.8	938.71	1069.6	1205.2	1344.1	1486.3
795.23	896.7	1010.6	1133.2	1262	1395.3	1532.8
593.11	723.51	860.67	1001.8	1145.5	1290.8	1438.3
812.24	911.83	1024.1	1145.3	1272.8	1405.1	1541.7
723.74	833.95	955.39	1084.3	1218.3	1355.8	1496.9
674.56	791.66	918.7	1052.1	1189.7	1330.2	1473.8
630.07	754.11	886.55	1024.1	1165.1	1308.2	1453.9
683.22	799.05	925.08	1057.7	1194.6	1334.6	1477.8
618.74	744.67	878.53	1017.2	1159	1302.8	1449.1
682.12	798.11	924.26	1057	1194	1334.1	1477.2
606.55	734.57	869.99	1009.8	1152.5	1297.1	1443.9
542.75	682.83	826.77	972.85	1120.2	1268.5	1418.3
635.75	758.86	890.59	1027.6	1168.1	1311	1456.4
705.37	818.07	941.55	1072.1	1207.4	1346.1	1488.1
613.68	740.46	874.97	1014.1	1156.3	1300.4	1446.9
677.82	794.43	921.09	1054.2	1191.6	1331.9	1475.3
729.68	839.12	959.9	1088.3	1221.8	1359	1499.8
509.66	656.84	805.44	954.79	1104.6	1254.7	1406
547.88	686.92	830.15	975.72	1122.7	1270.7	1420.3
594.33	724.51	861.52	1002.5	1146.1	1291.4	1438.8
680.82	797	923.31	1056.1	1193.3	1333.4	1476.6
625.79	750.54	883.51	1021.5	1162.7	1306.2	1452.1
663.93	782.62	910.92	1045.3	1183.7	1324.9	1468.9
577.88	711.08	850.25	992.88	1137.7	1283.9	1432.1
695.07	809.2	933.86	1065.4	1201.4	1340.7	1483.3
690.06	804.9	930.14	1062.1	1198.6	1338.1	1480.9
632.33	756	888.16	1025.5	1166.3	1309.3	1454.9
686.5	801.86	927.5	1059.8	1196.5	1336.3	1479.3
654.71	774.81	904.22	1039.5	1178.6	1320.3	1464.8
537.98	679.05	823.65	970.2	1117.9	1266.4	1416.5
799.07	900.11	1013.6	1135.9	1264.5	1397.5	1534.7
537.55	678.71	823.37	969.96	1117.7	1266.3	1416.3
633.66	757.1	889.1	1026.3	1167	1310	1455.5
657.5	777.17	906.24	1041.2	1180.1	1321.6	1466
540.9	681.37	825.56	971.82	1119.3	1267.7	1417.6
603.41	731.98	867.8	1008	1150.9	1295.6	1442.6
709.29	821.45	944.49	1074.7	1209.7	1348.2	1490
636.41	759.41	891.06	1028.1	1168.5	1311.3	1456.7
661.5	780.56	909.15	1043.8	1182.3	1323.6	1467.8
580.84	713.49	852.27	994.61	1139.2	1285.2	1433.3
586.52	718.11	856.14	997.93	1142.1	1287.8	1435.6
634.07	757.45	889.39	1026.6	1167.2	1310.2	1455.7
831.02	928.59	1039	1158.6	1284.9	1416	1551.6
632.38	756.04	888.19	1025.6	1166.3	1309.3	1454.9
748.79	855.79	974.51	1101.2	1233.3	1369.4	1509.2
573.59	707.6	847.34	990.39	1135.5	1282	1430.4
549.98	688.59	831.54	976.9	1123.8	1271.6	1421.1
592.3	722.84	860.11	1001.3	1145.1	1290.5	1438
620.04	745.74	879.45	1018	1159.7	1303.4	1449.6
682.14	798.12	924.28	1057	1194	1334.1	1477.2
577.61	710.86	850.06	992.72	1137.5	1283.8	1432
516.46	662.13	809.76	958.43	1107.7	1257.5	1408.4
624.58	749.52	882.65	1020.8	1162.1	1305.6	1451.6
812	911.61	1023.9	1145.1	1272.7	1404.9	1541.5
575.21	708.91	848.44	991.33	1136.3	1282.7	1431
556.08	693.48	835.59	980.35	1126.8	1274.2	1423.4
728.92	838.45	959.32	1087.7	1221.3	1358.6	1499.4
671.84	789.34	916.7	1050.4	1188.2	1328.8	1472.5
807.45	907.56	1020.3	1141.9	1269.8	1402.3	1539.1
642.97	764.92	895.76	1032.1	1172.1	1314.5	1459.6
604.71	733.05	868.71	1008.7	1151.5	1296.2	1443.1
629.15	753.34	885.89	1023.6	1164.6	1307.8	1453.5
567.36	702.55	843.13	986.79	1132.4	1279.2	1427.9
498.53	648.24	798.44	948.89	1099.5	1250.2	1402
519.49	664.5	811.69	960.07	1109.2	1258.7	1409.5
700.33	813.73	937.78	1068.8	1204.5	1343.5	1485.7
572.02	706.32	846.27	989.48	1134.7	1281.3	1429.7
536.38	677.78	822.6	969.31	1117.2	1265.8	1415.9
725.74	835.69	956.91	1085.6	1219.4	1356.9	1497.9
646.13	767.57	898.03	1034.1	1173.8	1316	1461
698.21	811.9	936.2	1067.4	1203.3	1342.4	1484.7
681.53	797.6	923.83	1056.6	1193.7	1333.8	1477
576.63	710.06	849.4	992.15	1137	1283.3	1431.6
802.06	902.76	1016	1138.1	1266.4	1399.2	1536.3
600.59	729.65	865.84	1006.3	1149.4	1294.3	1441.4
572.96	707.09	846.91	990.03	1135.2	1281.7	1430.1
628.56	752.84	885.47	1023.2	1164.2	1307.5	1453.3
666.84	785.09	913.05	1047.2	1185.3	1326.3	1470.2
763.8	868.95	986.08	1111.4	1242.5	1377.6	1516.7
612.39	739.39	874.07	1013.4	1155.6	1299.8	1446.4
620.47	746.1	879.75	1018.3	1159.9	1303.6	1449.8
751.38	858.05	976.5	1102.9	1234.9	1370.8	1510.5
560.87	697.32	838.78	983.08	1129.1	1276.3	1425.3
681.67	797.72	923.93	1056.7	1193.7	1333.8	1477
599.95	729.13	865.4	1005.9	1149	1294	1441.1
697.92	811.65	935.98	1067.2	1203.1	1342.2	1484.6
753.91	860.27	978.44	1104.6	1236.4	1372.2	1511.7
632.07	755.78	887.97	1025.4	1166.1	1309.2	1454.8
628.42	752.73	885.38	1023.1	1164.2	1307.4	1453.2
567.38	702.57	843.15	986.81	1132.4	1279.2	1427.9
542.17	682.37	826.39	972.53	1120	1268.2	1418.1
586.87	718.4	856.38	998.14	1142.3	1288	1435.7
716.46	827.65	949.89	1079.4	1213.9	1351.9	1493.4
648.07	769.21	899.43	1035.3	1174.9	1317	1461.8
624.23	749.23	882.4	1020.6	1161.9	1305.4	1451.4
680.18	796.45	922.83	1055.7	1192.9	1333.1	1476.3
548.42	687.35	830.51	976.03	1123	1270.9	1420.5
539.52	680.27	824.66	971.06	1118.7	1267.1	1417.1
662.45	781.36	909.84	1044.4	1182.9	1324.1	1468.3
624.53	749.48	882.62	1020.7	1162.1	1305.6	1451.5
726.18	836.08	957.24	1085.9	1219.7	1357.1	1498.1
618.91	744.8	878.65	1017.3	1159.1	1302.9	1449.1
584.5	716.47	854.76	996.75	1141.1	1286.9	1434.8
510.19	657.26	805.78	955.07	1104.8	1254.9	1406.1
556.76	694.03	836.04	980.74	1127.1	1274.5	1423.7
617.73	743.82	877.82	1016.6	1158.4	1302.3	1448.6
637.2	760.07	891.63	1028.5	1168.9	1311.7	1457
663.45	782.21	910.58	1045	1183.4	1324.6	1468.7
553.5	691.41	833.87	978.89	1125.5	1273.1	1422.4
710.41	822.42	945.34	1075.4	1210.4	1348.8	1490.5
584.64	716.59	854.86	996.83	1141.1	1287	1434.8
493.08	644.06	795.05	946.04	1097	1248	1400
589	720.14	857.84	999.39	1143.4	1288.9	1436.6
659.07	778.5	907.39	1042.2	1181	1322.4	1466.7
753.03	859.5	977.77	1104	1235.9	1371.7	1511.3
554.68	692.36	834.65	979.56	1126.1	1273.6	1422.9
534.64	676.41	821.47	968.35	1116.3	1265	1415.2
709.68	821.78	944.78	1074.9	1210	1348.4	1490.2
631.99	755.71	887.91	1025.3	1166.1	1309.1	1454.8
582.42	714.77	853.34	995.53	1140	1286	1433.9
689.16	804.13	929.47	1061.5	1198	1337.7	1480.5
760.64	866.17	983.64	1109.3	1240.5	1375.9	1515.1
533.64	675.62	820.82	967.8	1115.9	1264.6	1414.8
544.29	684.06	827.78	973.71	1121	1269.1	1418.9
578.87	711.88	850.92	993.45	1138.2	1284.3	1432.5
524.27	668.24	814.76	962.67	1111.4	1260.7	1411.3
811.15	910.86	1023.2	1144.5	1272.1	1404.4	1541.1
627.19	751.7	884.51	1022.4	1163.5	1306.8	1452.7
802.15	902.85	1016.1	1138.1	1266.4	1399.2	1536.4
622.23	747.57	880.99	1019.3	1160.8	1304.5	1450.6
557.42	694.55	836.47	981.11	1127.4	1274.8	1424
570.75	705.3	845.42	988.75	1134.1	1280.7	1429.2
513.24	659.62	807.71	956.7	1106.2	1256.1	1407.3
722.73	833.08	954.62	1083.6	1217.7	1355.3	1496.4
546.67	685.95	829.35	975.05	1122.1	1270.2	1419.8
842.99	939.32	1048.6	1167.3	1292.7	1423.1	1558.1
603.01	731.65	867.53	1007.7	1150.6	1295.4	1442.4
688.65	803.69	929.09	1061.2	1197.7	1337.4	1480.3
643.67	765.51	896.26	1032.6	1172.5	1314.8	1459.9
692.33	806.85	931.83	1063.6	1199.9	1339.3	1482
566.85	702.15	842.79	986.5	1132.1	1279	1427.7
690.55	805.32	930.5	1062.4	1198.8	1338.4	1481.1
567.23	702.45	843.04	986.72	1132.3	1279.1	1427.8
720.95	831.53	953.28	1082.4	1216.6	1354.3	1495.6
573.83	707.79	847.5	990.53	1135.6	1282.1	1430.5
542.89	682.95	826.87	972.93	1120.3	1268.5	1418.3
604.18	732.61	868.34	1008.4	1151.3	1295.9	1442.9
511.59	658.34	806.66	955.82	1105.5	1255.5	1406.7
588.77	719.96	857.69	999.26	1143.2	1288.8	1436.5
580.97	713.59	852.35	994.68	1139.2	1285.3	1433.3
653.02	773.38	903	1038.4	1177.6	1319.4	1464
685.25	800.78	926.57	1059	1195.8	1335.7	1478.7
711.03	822.95	945.8	1075.8	1210.8	1349.1	1490.8
520.1	664.98	812.09	960.4	1109.4	1259	1409.8
740.77	848.78	968.36	1095.7	1228.5	1365	1505.2
500.49	649.75	799.67	949.92	1100.4	1251	1402.7
518.73	663.9	811.21	959.66	1108.8	1258.4	1409.3
691.3	805.97	931.06	1062.9	1199.3	1338.8	1481.5
626.32	750.97	883.88	1021.8	1163	1306.4	1452.3
620.4	746.05	879.7	1018.2	1159.9	1303.6	1449.8
611.57	738.72	873.5	1012.9	1155.2	1299.4	1446
596.07	725.94	862.72	1003.6	1147	1292.2	1439.5
705.3	818	941.5	1072.1	1207.4	1346.1	1488.1
560.31	696.88	838.41	982.76	1128.9	1276.1	1425.1
545.32	684.88	828.46	974.29	1121.5	1269.6	1419.3
699.35	812.88	937.05	1068.2	1203.9	1343	1485.3
567.54	702.7	843.25	986.9	1132.5	1279.3	1428
625.88	750.61	883.57	1021.6	1162.8	1306.2	1452.1
652.65	773.07	902.73	1038.2	1177.4	1319.2	1463.9
677.11	793.83	920.57	1053.7	1191.1	1331.5	1474.9
684.62	800.25	926.11	1058.6	1195.4	1335.4	1478.4
796.42	897.76	1011.6	1134.1	1262.8	1396	1533.4
780.58	883.73	999.14	1123	1252.9	1387	1525.2
747.42	854.59	973.45	1100.2	1232.5	1368.6	1508.5
496.8	646.91	797.36	947.99	1098.7	1249.5	1401.3
673.23	790.53	917.73	1051.2	1189	1329.5	1473.2
599.77	728.98	865.28	1005.8	1148.9	1293.9	1441.1
686.04	801.46	927.16	1059.5	1196.2	1336.1	1479.1
598.59	728.01	864.46	1005.1	1148.3	1293.4	1440.6
699.84	813.3	937.42	1068.5	1204.2	1343.2	1485.5
609.83	737.28	872.28	1011.8	1154.2	1298.6	1445.3
751.96	858.57	976.95	1103.3	1235.2	1371.1	1510.8
675.9	792.8	919.69	1053	1190.5	1330.9	1474.4
590.16	721.09	858.64	1000.1	1144	1289.5	1437.1
661.42	780.49	909.1	1043.7	1182.3	1323.6	1467.8
653.9	774.13	903.64	1039	1178.1	1319.9	1464.4
628.54	752.82	885.46	1023.2	1164.2	1307.5	1453.3
669.55	787.39	915.03	1048.9	1186.9	1327.7	1471.5
644.74	766.4	897.03	1033.2	1173.1	1315.3	1460.4
539.43	680.2	824.6	971	1118.6	1267.1	1417
572.28	706.54	846.45	989.63	1134.8	1281.4	1429.8
670.97	788.6	916.06	1049.8	1187.7	1328.4	1472.1
682.71	798.61	924.7	1057.3	1194.3	1334.4	1477.5
507.31	655.02	803.95	953.54	1103.5	1253.7	1405.1
673.12	790.42	917.64	1051.2	1188.9	1329.5	1473.1
654.36	774.52	903.97	1039.3	1178.4	1320.1	1464.6
592.41	722.94	860.19	1001.4	1145.1	1290.5	1438
618.84	744.74	878.6	1017.3	1159	1302.8	1449.1
677.92	794.52	921.17	1054.3	1191.6	1331.9	1475.3
605.96	734.08	869.58	1009.5	1152.2	1296.8	1443.7
667.8	785.9	913.75	1047.8	1185.9	1326.8	1470.7
675.12	792.13	919.11	1052.5	1190	1330.5	1474
596.4	726.21	862.94	1003.8	1147.2	1292.3	1439.7
600.16	729.3	865.55	1006	1149.2	1294.1	1441.2
594.91	724.98	861.91	1002.9	1146.4	1291.7	1439
526.81	670.24	816.4	964.05	1112.6	1261.7	1412.3
622.08	747.45	880.89	1019.2	1160.8	1304.4	1450.5
579.88	712.7	851.61	994.05	1138.7	1284.8	1432.9
518.03	663.36	810.76	959.28	1108.5	1258.1	1409
557.23	694.4	836.35	981.01	1127.3	1274.7	1423.9
770.63	874.96	991.38	1116.1	1246.7	1381.4	1520.1
603.23	731.83	867.68	1007.8	1150.8	1295.5	1442.5
525.71	669.37	815.69	963.45	1112.1	1261.3	1411.8
646.88	768.21	898.57	1034.6	1174.2	1316.4	1461.3
732.47	841.55	962.03	1090.1	1223.5	1360.5	1501.2
561.59	697.91	839.26	983.49	1129.5	1276.7	1425.6
721.29	831.84	953.54	1082.6	1216.8	1354.5	1495.7
677.74	794.37	921.04	1054.1	1191.5	1331.8	1475.2
657.49	777.16	906.24	1041.2	1180.1	1321.6	1466
703.18	816.18	939.91	1070.7	1206.2	1345	1487.1
618.31	744.31	878.22	1016.9	1158.7	1302.6	1448.9
627.97	752.35	885.06	1022.8	1163.9	1307.2	1453
515.71	661.54	809.28	958.03	1107.4	1257.1	1408.2
717.78	828.79	950.88	1080.3	1214.7	1352.6	1494
538.66	679.59	824.09	970.58	1118.3	1266.7	1416.7
657.59	777.24	906.31	1041.3	1180.2	1321.7	1466.1
713.26	824.88	947.48	1077.3	1212.1	1350.3	1491.9
501.34	650.41	800.2	950.37	1100.8	1251.3	1403
685.99	801.42	927.13	1059.5	1196.2	1336.1	1479
690.2	805.02	930.24	1062.2	1198.6	1338.2	1481
571.71	706.07	846.06	989.3	1134.6	1281.1	1429.6
764.44	869.52	986.58	1111.9	1242.9	1378	1517
753.74	860.12	978.31	1104.5	1236.3	1372.1	1511.6
720.19	830.88	952.7	1081.9	1216.2	1353.9	1495.2
531.27	673.75	819.28	966.5	1114.7	1263.6	1413.9
741.65	849.55	969.03	1096.3	1229	1365.5	1505.7
666.98	785.21	913.15	1047.2	1185.4	1326.4	1470.3
507.82	655.41	804.27	953.81	1103.7	1253.9	1405.3
557.23	694.4	836.35	981.01	1127.3	1274.7	1423.9
750.88	857.62	976.11	1102.6	1234.6	1370.5	1510.2
765.98	870.87	987.78	1112.9	1243.8	1378.8	1517.8
689.32	804.27	929.59	1061.6	1198.1	1337.8	1480.6
613.8	740.56	875.06	1014.2	1156.3	1300.5	1447
512.84	659.32	807.46	956.49	1106.1	1256	1407.1
786.05	888.57	1003.4	1126.8	1256.3	1390.1	1528
559.14	695.93	837.62	982.09	1128.3	1275.6	1424.6
694	808.29	933.07	1064.7	1200.8	1340.2	1482.8
550.47	688.98	831.86	977.18	1124	1271.8	1421.3
651.05	771.72	901.58	1037.2	1176.5	1318.5	1463.2
618.78	744.7	878.56	1017.2	1159	1302.8	1449.1
748.62	855.64	974.38	1101	1233.2	1369.3	1509.1
642.9	764.86	895.71	1032.1	1172	1314.4	1459.5
624.22	749.22	882.4	1020.5	1161.9	1305.4	1451.4
499.75	649.18	799.2	949.53	1100	1250.7	1402.4
735.95	844.57	964.67	1092.5	1225.6	1362.4	1502.9
657.61	777.26	906.32	1041.3	1180.2	1321.7	1466.1
677.06	793.78	920.53	1053.7	1191.1	1331.5	1474.9
763.16	868.39	985.59	1111	1242.1	1377.3	1516.4
565.26	700.86	841.72	985.59	1131.3	1278.3	1427
613.14	740.01	874.59	1013.8	1156	1300.1	1446.7
650.65	771.39	901.29	1036.9	1176.3	1318.3	1463
807.98	908.03	1020.7	1142.2	1270.1	1402.6	1539.4
661.28	780.37	908.99	1043.6	1182.2	1323.5	1467.7
535.98	677.47	822.35	969.09	1117	1265.6	1415.7
681.05	797.19	923.48	1056.3	1193.4	1333.5	1476.7
783.4	886.23	1001.3	1125	1254.6	1388.6	1526.7
702.14	815.28	939.13	1070	1205.6	1344.4	1486.6
696.87	810.75	935.2	1066.5	1202.5	1341.7	1484.1
541.19	681.6	825.75	971.99	1119.5	1267.8	1417.7
589.42	720.48	858.13	999.64	1143.6	1289.1	1436.8
547.78	686.84	830.08	975.67	1122.7	1270.6	1420.2
610.82	738.1	872.97	1012.4	1154.8	1299.1	1445.7
550.37	688.91	831.8	977.13	1124	1271.8	1421.2
591.9	722.52	859.84	1001.1	1144.9	1290.3	1437.8
547.67	686.76	830.01	975.61	1122.6	1270.6	1420.2
682.97	798.83	924.89	1057.5	1194.5	1334.5	1477.6
647.86	769.03	899.27	1035.2	1174.8	1316.9	1461.7
688.95	803.95	929.31	1061.4	1197.9	1337.6	1480.4
696.83	810.71	935.17	1066.5	1202.5	1341.6	1484.1
773.65	877.62	993.74	1118.2	1248.6	1383.1	1521.7
683.41	799.21	925.22	1057.8	1194.7	1334.7	1477.8
705.27	817.98	941.48	1072	1207.4	1346.1	1488.1
507.98	655.54	804.38	953.89	1103.8	1254	1405.3
523.69	667.79	814.39	962.35	1111.1	1260.4	1411.1
800.32	901.22	1014.6	1136.8	1265.3	1398.2	1535.4
571.26	705.71	845.76	989.04	1134.3	1280.9	1429.4
736.91	845.42	965.41	1093.1	1226.1	1362.9	1503.3
632.66	756.27	888.39	1025.7	1166.5	1309.5	1455.1
651.13	771.79	901.64	1037.2	1176.6	1318.5	1463.2
746.42	853.72	972.69	1099.6	1231.9	1368.1	1508
721.37	831.9	953.6	1082.7	1216.9	1354.6	1495.8
566.15	701.58	842.32	986.1	1131.8	1278.7	1427.4
682.48	798.41	924.53	1057.2	1194.2	1334.3	1477.4
629.74	753.83	886.31	1023.9	1164.9	1308.1	1453.8
812.53	912.08	1024.3	1145.5	1273	1405.2	1541.8
641.71	763.85	894.85	1031.3	1171.4	1313.9	1459
536.67	678.01	822.79	969.47	1117.3	1265.9	1416
555.08	692.68	834.92	979.79	1126.3	1273.8	1423
598.19	727.68	864.18	1004.8	1148.1	1293.2	1440.4
614.48	741.13	875.53	1014.6	1156.7	1300.8	1447.2
662.75	781.62	910.06	1044.6	1183	1324.3	1468.4
762.84	868.11	985.34	1110.8	1241.9	1377.1	1516.2
501.16	650.27	800.09	950.28	1100.7	1251.2	1402.9
655.9	775.81	905.08	1040.2	1179.2	1320.9	1465.3
587.74	719.12	856.98	998.65	1142.7	1288.4	1436.1
645.06	766.68	897.26	1033.4	1173.2	1315.5	1460.5
760.61	866.15	983.62	1109.2	1240.5	1375.9	1515.1
603.76	732.26	868.04	1008.2	1151	1295.8	1442.7
792.22	894.04	1008.3	1131.1	1260.1	1393.6	1531.2
687.14	802.4	927.98	1060.2	1196.9	1336.6	1479.6
705.44	818.12	941.6	1072.2	1207.5	1346.1	1488.2
587.97	719.31	857.14	998.79	1142.8	1288.5	1436.2
549.94	688.57	831.51	976.89	1123.7	1271.6	1421.1
630.47	754.44	886.83	1024.4	1165.3	1308.4	1454.1
673.88	791.07	918.2	1051.7	1189.3	1329.9	1473.5
629	753.21	885.79	1023.5	1164.5	1307.7	1453.5
597.66	727.24	863.81	1004.5	1147.8	1292.9	1440.2
595.05	725.1	862.01	1003	1146.5	1291.7	1439.1
680.31	796.56	922.93	1055.8	1193	1333.1	1476.4
590.59	721.44	858.94	1000.3	1144.2	1289.7	1437.3
577.68	710.91	850.11	992.76	1137.6	1283.8	1432
522.71	667.02	813.76	961.82	1110.7	1260	1410.7
740.14	848.23	967.87	1095.3	1228.1	1364.6	1504.9
534.74	676.49	821.54	968.41	1116.4	1265.1	1415.2
727.22	836.98	958.03	1086.6	1220.3	1357.7	1498.6
683.76	799.51	925.47	1058	1194.9	1334.9	1478
541.07	681.5	825.67	971.92	1119.4	1267.8	1417.6
517.83	663.2	810.63	959.17	1108.4	1258	1408.9
730.78	840.07	960.73	1089	1222.5	1359.6	1500.3
615.86	742.28	876.51	1015.5	1157.4	1301.4	1447.8
592.14	722.72	860	1001.2	1145	1290.4	1437.9
611.34	738.53	873.34	1012.7	1155	1299.3	1445.9
769.42	873.9	990.45	1115.3	1245.9	1380.7	1519.5
796.64	897.95	1011.7	1134.2	1262.9	1396.1	1533.5
671.92	789.4	916.76	1050.4	1188.2	1328.9	1472.6
690.15	804.98	930.21	1062.2	1198.6	1338.2	1481
735.84	844.48	964.59	1092.4	1225.5	1362.3	1502.8
841.12	937.64	1047.1	1165.9	1291.5	1421.9	1557.1
706.86	819.36	942.67	1073.1	1208.3	1346.9	1488.8
667.83	785.93	913.77	1047.8	1185.9	1326.8	1470.7
509.32	656.58	805.22	954.61	1104.4	1254.5	1405.8
697.34	811.15	935.55	1066.8	1202.8	1341.9	1484.3
573.57	707.58	847.32	990.38	1135.5	1282	1430.4
542.26	682.45	826.45	972.58	1120	1268.3	1418.1
541.32	681.7	825.83	972.06	1119.5	1267.9	1417.7
664.22	782.86	911.13	1045.5	1183.9	1325	1469.1
630.56	754.51	886.89	1024.4	1165.3	1308.5	1454.2
526.62	670.09	816.28	963.95	1112.5	1261.7	1412.2
683.75	799.5	925.47	1058	1194.9	1334.9	1478
559.1	695.9	837.59	982.07	1128.2	1275.6	1424.6
628.47	752.77	885.41	1023.2	1164.2	1307.5	1453.2
632.51	756.14	888.28	1025.6	1166.4	1309.4	1455
529.4	672.27	818.07	965.47	1113.8	1262.8	1413.2
522.24	666.65	813.45	961.56	1110.4	1259.8	1410.6
520.47	665.26	812.32	960.6	1109.6	1259.1	1409.9
570.67	705.23	845.36	988.7	1134	1280.7	1429.2
645.17	766.77	897.34	1033.5	1173.3	1315.6	1460.5
549.12	687.91	830.97	976.42	1123.3	1271.2	1420.7
731.3	840.53	961.13	1089.3	1222.8	1359.9	1500.6
592.98	723.41	860.58	1001.7	1145.4	1290.8	1438.3
611.01	738.25	873.1	1012.5	1154.9	1299.1	1445.8
694.33	808.57	933.31	1064.9	1201	1340.4	1482.9
626.86	751.43	884.27	1022.2	1163.3	1306.7	1452.6
781.46	884.51	999.83	1123.6	1253.4	1387.5	1525.7
670.11	787.87	915.44	1049.2	1187.2	1328	1471.7
640.24	762.62	893.8	1030.4	1170.6	1313.1	1458.4
677.4	794.07	920.78	1053.9	1191.3	1331.7	1475.1
748.26	855.33	974.1	1100.8	1233	1369.1	1508.9
739.25	847.45	967.19	1094.7	1227.5	1364.2	1504.5
730.51	839.84	960.53	1088.8	1222.3	1359.4	1500.2
743.61	851.26	970.53	1097.6	1230.2	1366.5	1506.6
586.45	718.06	856.09	997.89	1142.1	1287.8	1435.6
784.33	887.05	1002.1	1125.6	1255.2	1389.1	1527.1
637.27	760.13	891.68	1028.6	1169	1311.7	1457.1
692.92	807.36	932.26	1064	1200.2	1339.6	1482.3
620.5	746.13	879.77	1018.3	1159.9	1303.6	1449.8
678.32	794.86	921.47	1054.5	1191.8	1332.1	1475.5
701.18	814.46	938.42	1069.4	1205	1343.9	1486.1
543.04	683.07	826.96	973.01	1120.4	1268.6	1418.4
530.48	673.12	818.77	966.06	1114.3	1263.3	1413.6
583.32	715.51	853.96	996.06	1140.5	1286.4	1434.3
626.58	751.2	884.07	1022	1163.2	1306.5	1452.4
699.34	812.88	937.05	1068.2	1203.9	1343	1485.3
601.63	730.51	866.56	1006.9	1149.9	1294.8	1441.8
539.92	680.59	824.92	971.28	1118.9	1267.3	1417.2
605.24	733.49	869.08	1009.1	1151.8	1296.4	1443.4
641.72	763.87	894.87	1031.3	1171.4	1313.9	1459
772.06	876.22	992.5	1117.1	1247.6	1382.2	1520.9
646.19	767.63	898.08	1034.1	1173.9	1316.1	1461
606.77	734.75	870.14	1010	1152.6	1297.2	1444
632.55	756.18	888.31	1025.7	1166.4	1309.4	1455
674.83	791.89	918.9	1052.3	1189.9	1330.4	1473.9
522.15	666.58	813.4	961.51	1110.4	1259.8	1410.5
709.74	821.84	944.83	1075	1210	1348.4	1490.2
579.25	712.19	851.18	993.68	1138.4	1284.5	1432.6
645.14	766.74	897.32	1033.5	1173.3	1315.5	1460.5
545.87	685.32	828.82	974.6	1121.8	1269.8	1419.5
598.65	728.05	864.5	1005.1	1148.4	1293.4	1440.6
513.79	660.05	808.06	957	1106.5	1256.4	1407.5
582.49	714.83	853.38	995.57	1140	1286	1434
575.15	708.86	848.39	991.29	1136.3	1282.7	1431
569.33	704.15	844.46	987.93	1133.4	1280.1	1428.7
505.07	653.29	802.54	952.35	1102.5	1252.8	1404.3
632.54	756.17	888.3	1025.7	1166.4	1309.4	1455
508.89	656.25	804.95	954.38	1104.2	1254.4	1405.7
737.53	845.95	965.88	1093.5	1226.5	1363.2	1503.6
681.7	797.75	923.96	1056.7	1193.8	1333.9	1477
729.55	839.01	959.8	1088.2	1221.7	1358.9	1499.7
643.72	765.55	896.3	1032.6	1172.5	1314.9	1459.9
713.1	824.74	947.36	1077.2	1212	1350.2	1491.8
691.33	805.99	931.08	1062.9	1199.3	1338.8	1481.5
835.5	932.6	1042.6	1161.9	1287.8	1418.6	1554
608.68	736.33	871.47	1011.1	1153.6	1298.1	1444.8
712.61	824.32	946.99	1076.9	1211.7	1349.9	1491.6
677.3	793.99	920.71	1053.9	1191.3	1331.6	1475
772.43	876.54	992.78	1117.4	1247.8	1382.4	1521.1
549.16	687.94	831	976.45	1123.4	1271.2	1420.8
613.91	740.66	875.13	1014.3	1156.4	1300.5	1447
603.41	731.97	867.8	1008	1150.9	1295.6	1442.6
691.1	805.79	930.91	1062.8	1199.2	1338.7	1481.4
657.98	777.58	906.6	1041.5	1180.4	1321.9	1466.3
685.81	801.26	926.99	1059.3	1196.1	1336	1478.9
637.38	760.22	891.75	1028.6	1169	1311.8	1457.1
635.81	758.91	890.63	1027.7	1168.2	1311	1456.4
619.98	745.7	879.4	1018	1159.6	1303.4	1449.6
727.17	836.94	957.99	1086.6	1220.3	1357.7	1498.6
510.45	657.46	805.94	955.21	1105	1255	1406.2
701.55	814.78	938.7	1069.6	1205.2	1344.1	1486.3
633.38	756.87	888.9	1026.2	1166.8	1309.8	1455.4
614.25	740.94	875.38	1014.5	1156.6	1300.7	1447.2
502.32	651.17	800.82	950.89	1101.2	1251.7	1403.3
604.28	732.69	868.4	1008.5	1151.3	1296	1442.9
804.71	905.12	1018.1	1139.9	1268	1400.7	1537.7
754.02	860.37	978.53	1104.7	1236.5	1372.2	1511.8
679.27	795.67	922.16	1055.1	1192.4	1332.6	1475.9
521.58	666.13	813.03	961.21	1110.1	1259.6	1410.3
493.23	644.17	795.14	946.12	1097.1	1248.1	1400.1
636.93	759.84	891.43	1028.4	1168.8	1311.5	1456.9
696.73	810.63	935.1	1066.4	1202.4	1341.6	1484
712.69	824.38	947.05	1076.9	1211.7	1350	1491.6
727.2	836.96	958.02	1086.6	1220.3	1357.7	1498.6
763.63	868.8	985.96	1111.3	1242.4	1377.5	1516.6
616.65	742.93	877.06	1015.9	1157.8	1301.8	1448.2
546.84	686.09	829.46	975.14	1122.2	1270.2	1419.9
761.72	867.13	984.48	1110	1241.2	1376.5	1515.6
605.57	733.76	869.31	1009.3	1152	1296.6	1443.5
621.28	746.78	880.32	1018.8	1160.3	1304	1450.2
551.15	689.53	832.31	977.56	1124.3	1272.1	1421.5
669.41	787.27	914.92	1048.8	1186.8	1327.6	1471.4
534.01	675.91	821.06	968	1116	1264.8	1415
571.72	706.08	846.07	989.31	1134.6	1281.1	1429.6
507.12	654.87	803.83	953.44	1103.4	1253.6	1405
691.85	806.44	931.47	1063.3	1199.6	1339.1	1481.8
575.29	708.97	848.49	991.37	1136.4	1282.7	1431.1
729.09	838.6	959.45	1087.9	1221.4	1358.7	1499.5
699.21	812.76	936.95	1068.1	1203.8	1342.9	1485.2
531.38	673.83	819.35	966.56	1114.8	1263.7	1414
568.93	703.82	844.19	987.7	1133.2	1279.9	1428.5
676.09	792.96	919.83	1053.1	1190.6	1331	1474.5
591.57	722.25	859.61	1000.9	1144.7	1290.1	1437.7
651.5	772.1	901.9	1037.5	1176.8	1318.7	1463.4
773.52	877.51	993.64	1118.1	1248.5	1383	1521.6
741.12	849.09	968.63	1096	1228.7	1365.2	1505.4
625.2	750.04	883.09	1021.1	1162.4	1305.9	1451.8
495.16	645.66	796.34	947.13	1098	1248.9	1400.8
756.78	862.79	980.66	1106.6	1238.2	1373.7	1513.2
746.51	853.79	972.76	1099.6	1231.9	1368.1	1508.1
666.15	784.5	912.54	1046.7	1185	1326	1469.9
615.63	742.09	876.35	1015.3	1157.3	1301.3	1447.7
497.52	647.47	797.81	948.36	1099	1249.8	1401.6
547.95	686.98	830.2	975.77	1122.8	1270.7	1420.3
615.17	741.7	876.02	1015	1157.1	1301.1	1447.5
697.93	811.66	935.99	1067.2	1203.1	1342.2	1484.6
694.51	808.72	933.45	1065	1201.1	1340.4	1483
680.32	796.57	922.94	1055.8	1193	1333.2	1476.4
775.53	879.28	995.2	1119.5	1249.7	1384.2	1522.6
661.03	780.16	908.81	1043.5	1182.1	1323.4	1467.6
803.77	904.28	1017.4	1139.3	1267.4	1400.2	1537.2
541.15	681.56	825.72	971.96	1119.5	1267.8	1417.7
668.13	786.19	913.99	1048	1186.1	1327	1470.8
663.8	782.51	910.83	1045.2	1183.6	1324.8	1468.9
740.58	848.61	968.21	1095.6	1228.3	1364.9	1505.1
499.62	649.08	799.12	949.46	1100	1250.6	1402.3
742.08	849.92	969.36	1096.6	1229.2	1365.7	1505.9
517.6	663.02	810.49	959.05	1108.3	1257.9	1408.9
546.71	685.99	829.38	975.07	1122.2	1270.2	1419.8
788.34	890.6	1005.2	1128.4	1257.7	1391.4	1529.2
642.77	764.75	895.62	1032	1172	1314.4	1459.5
632.52	756.15	888.29	1025.6	1166.4	1309.4	1455
730.01	839.41	960.15	1088.5	1222	1359.2	1500
649.45	770.37	900.42	1036.2	1175.6	1317.7	1462.4
595.74	725.67	862.49	1003.4	1146.9	1292	1439.4
701.33	814.59	938.53	1069.5	1205.1	1344	1486.2
555.95	693.37	835.5	980.28	1126.7	1274.2	1423.4
603.79	732.29	868.07	1008.2	1151.1	1295.8	1442.7
676.97	793.71	920.47	1053.6	1191.1	1331.4	1474.9
516.28	661.99	809.64	958.34	1107.7	1257.4	1408.4
739.17	847.38	967.13	1094.6	1227.5	1364.1	1504.4
513.36	659.72	807.78	956.77	1106.3	1256.2	1407.3
564.28	700.07	841.06	985.03	1130.8	1277.8	1426.7
588.77	719.96	857.69	999.26	1143.2	1288.8	1436.5
630.88	754.78	887.12	1024.6	1165.5	1308.6	1454.3
604.1	732.55	868.28	1008.4	1151.2	1295.9	1442.9
586.03	717.72	855.81	997.65	1141.8	1287.6	1435.4
504.67	652.98	802.29	952.14	1102.3	1252.7	1404.2
516.37	662.06	809.7	958.39	1107.7	1257.4	1408.4
664.56	783.16	911.38	1045.7	1184.1	1325.2	1469.2
654.25	774.42	903.89	1039.2	1178.3	1320	1464.6
560.21	696.79	838.34	982.7	1128.8	1276	1425.1
670.37	788.09	915.63	1049.4	1187.3	1328.1	1471.9
712.56	824.28	946.95	1076.9	1211.7	1349.9	1491.5
520.97	665.65	812.64	960.87	1109.8	1259.3	1410.1
564.64	700.36	841.3	985.23	1131	1278	1426.8
667.89	785.98	913.81	1047.8	1185.9	1326.9	1470.7
547.4	686.54	829.83	975.45	1122.5	1270.5	1420.1
691.81	806.4	931.44	1063.2	1199.6	1339	1481.7
561.19	697.58	838.99	983.26	1129.3	1276.5	1425.4
721.63	832.12	953.79	1082.9	1217	1354.7	1495.9
755.12	861.33	979.38	1105.5	1237.2	1372.8	1512.3
701.45	814.69	938.62	1069.5	1205.2	1344.1	1486.3
505.14	653.34	802.59	952.38	1102.5	1252.8	1404.3
784.33	887.05	1002.1	1125.6	1255.2	1389.1	1527.1
504.32	652.71	802.07	951.95	1102.1	1252.5	1404
793.98	895.6	1009.6	1132.4	1261.3	1394.6	1532.1
573.45	707.48	847.24	990.31	1135.4	1281.9	1430.3
652.35	772.82	902.52	1038	1177.3	1319.1	1463.7
519.64	664.61	811.79	960.15	1109.2	1258.8	1409.6
646.82	768.15	898.52	1034.5	1174.2	1316.4	1461.3
621.47	746.93	880.45	1018.9	1160.4	1304.1	1450.2
584.05	716.1	854.45	996.48	1140.8	1286.7	1434.6
590.99	721.77	859.21	1000.6	1144.4	1289.9	1437.4
638.08	760.81	892.26	1029.1	1169.4	1312.1	1457.4
526.29	669.83	816.06	963.77	1112.4	1261.5	1412.1
794	895.61	1009.7	1132.4	1261.3	1394.6	1532.1
747.45	854.61	973.48	1100.2	1232.5	1368.6	1508.5
693.85	808.15	932.95	1064.6	1200.7	1340.1	1482.7
805.45	905.78	1018.7	1140.4	1268.5	1401.1	1538.1
515.18	661.14	808.94	957.75	1107.1	1256.9	1408
623.89	748.95	882.16	1020.3	1161.7	1305.3	1451.3
561.77	698.05	839.38	983.59	1129.6	1276.7	1425.7
698.49	812.14	936.41	1067.6	1203.4	1342.5	1484.9
769.96	874.37	990.86	1115.7	1246.3	1381	1519.8
679.75	796.08	922.52	1055.4	1192.7	1332.9	1476.1
578.48	711.56	850.65	993.23	1138	1284.2	1432.3
684.59	800.22	926.09	1058.5	1195.4	1335.3	1478.4
639.16	761.71	893.03	1029.8	1170	1312.6	1457.9
683.4	799.2	925.21	1057.8	1194.7	1334.7	1477.8
692.84	807.29	932.21	1063.9	1200.2	1339.6	1482.2
655.68	775.63	904.93	1040.1	1179.1	1320.7	1465.2
686.69	802.01	927.64	1059.9	1196.6	1336.4	1479.4
502.22	651.08	800.75	950.84	1101.2	1251.7	1403.3
573.64	707.64	847.37	990.42	1135.5	1282	1430.4
576.57	710.01	849.36	992.12	1137	1283.3	1431.6
656.67	776.47	905.64	1040.7	1179.7	1321.2	1465.7
569.41	704.22	844.52	987.98	1133.4	1280.1	1428.7
655.86	775.79	905.06	1040.2	1179.2	1320.8	1465.3
645.58	767.11	897.64	1033.8	1173.5	1315.8	1460.7
607.61	735.44	870.73	1010.5	1153.1	1297.6	1444.3
707.04	819.51	942.81	1073.2	1208.4	1347	1488.9
608.82	736.45	871.58	1011.2	1153.7	1298.1	1444.9
806.62	906.82	1019.6	1141.3	1269.2	1401.8	1538.7
560.36	696.92	838.44	982.79	1128.9	1276.1	1425.1
628.91	753.14	885.72	1023.4	1164.4	1307.7	1453.4
639.81	762.26	893.49	1030.2	1170.3	1312.9	1458.2
567.21	702.44	843.03	986.71	1132.3	1279.1	1427.8
501.46	650.5	800.27	950.44	1100.8	1251.4	1403
663.11	781.93	910.33	1044.8	1183.3	1324.5	1468.6
559.45	696.18	837.83	982.27	1128.4	1275.7	1424.8
652.78	773.18	902.83	1038.3	1177.5	1319.3	1463.9
586.58	718.17	856.19	997.97	1142.1	1287.8	1435.6
590.94	721.73	859.18	1000.5	1144.4	1289.8	1437.4
727.57	837.28	958.3	1086.8	1220.5	1357.9	1498.8
670.27	788	915.55	1049.3	1187.3	1328	1471.8
514.25	660.41	808.35	957.25	1106.7	1256.5	1407.6
711.39	823.26	946.07	1076.1	1211	1349.3	1491
688.59	803.64	929.05	1061.1	1197.7	1337.4	1480.2
597.8	727.36	863.91	1004.6	1147.9	1293	1440.2
634.66	757.94	889.81	1027	1167.5	1310.4	1455.9
646.59	767.96	898.36	1034.4	1174.1	1316.3	1461.2
600.93	729.94	866.08	1006.5	1149.6	1294.4	1441.6
715.03	826.41	948.82	1078.5	1213.1	1351.2	1492.7
649.62	770.52	900.55	1036.3	1175.7	1317.8	1462.5
638.83	761.44	892.79	1029.5	1169.8	1312.5	1457.8
638.31	761	892.42	1029.2	1169.5	1312.2	1457.5
710.9	822.84	945.7	1075.8	1210.7	1349	1490.7
529.52	672.37	818.15	965.53	1113.9	1262.9	1413.3
598.11	727.61	864.13	1004.8	1148.1	1293.1	1440.4
570.51	705.1	845.26	988.61	1134	1280.6	1429.1
518.14	663.44	810.83	959.34	1108.5	1258.1	1409.1
606.61	734.62	870.03	1009.9	1152.5	1297.1	1443.9
524.13	668.13	814.67	962.59	1111.3	1260.6	1411.3
699.78	813.25	937.37	1068.4	1204.2	1343.2	1485.5
579.26	712.2	851.19	993.69	1138.4	1284.5	1432.7
685.18	800.73	926.53	1058.9	1195.8	1335.6	1478.7
555.26	692.82	835.04	979.89	1126.4	1273.9	1423.1
810.46	910.24	1022.7	1144	1271.7	1404	1540.7
740.77	848.78	968.35	1095.7	1228.5	1365	1505.2
628.65	752.92	885.54	1023.3	1164.3	1307.5	1453.3
651.7	772.27	902.04	1037.6	1176.9	1318.8	1463.4
591.06	721.83	859.26	1000.6	1144.4	1289.9	1437.5
703.79	816.7	940.37	1071.1	1206.5	1345.3	1487.4
558.42	695.36	837.14	981.68	1127.9	1275.3	1424.4
787.91	890.22	1004.9	1128.1	1257.4	1391.1	1529
685.9	801.34	927.05	1059.4	1196.2	1336	1479
644.59	766.28	896.93	1033.1	1173	1315.3	1460.3
500.98	650.13	799.97	950.18	1100.6	1251.2	1402.8
778.88	882.24	997.81	1121.8	1251.8	1386	1524.3
609.41	736.93	871.98	1011.6	1154	1298.4	1445.1
604.43	732.82	868.51	1008.6	1151.4	1296.1	1443
630.24	754.25	886.67	1024.2	1165.1	1308.3	1454
557.46	694.59	836.51	981.14	1127.4	1274.8	1424
662.94	781.78	910.2	1044.7	1183.2	1324.4	1468.5
669.46	787.31	914.96	1048.8	1186.8	1327.6	1471.4
532.34	674.59	819.98	967.09	1115.2	1264.1	1414.3
576	709.55	848.97	991.79	1136.7	1283.1	1431.3
544.7	684.38	828.05	973.94	1121.2	1269.3	1419
622.51	747.8	881.19	1019.5	1161	1304.6	1450.7
530.34	673.02	818.68	965.99	1114.3	1263.2	1413.6
568.09	703.15	843.63	987.22	1132.7	1279.5	1428.2
701.28	814.54	938.49	1069.4	1205.1	1344	1486.2
569.51	704.29	844.58	988.03	1133.4	1280.2	1428.7
517.35	662.83	810.33	958.92	1108.2	1257.8	1408.8
546.03	685.45	828.93	974.69	1121.8	1269.9	1419.5
697.06	810.91	935.34	1066.7	1202.6	1341.8	1484.2
689.61	804.52	929.8	1061.8	1198.3	1337.9	1480.7
548.45	687.37	830.52	976.04	1123	1270.9	1420.5
593.87	724.14	861.2	1002.3	1145.9	1291.2	1438.6
532.58	674.78	820.13	967.22	1115.3	1264.2	1414.4
656.18	776.05	905.29	1040.4	1179.4	1321	1465.4
606.91	734.87	870.24	1010.1	1152.7	1297.2	1444.1
714.85	826.26	948.68	1078.4	1213	1351.1	1492.6
658.19	777.75	906.74	1041.7	1180.5	1322	1466.3
743.55	851.21	970.49	1097.6	1230.1	1366.5	1506.6
746.49	853.78	972.74	1099.6	1231.9	1368.1	1508
552.4	690.53	833.14	978.27	1124.9	1272.6	1422
573.99	707.92	847.61	990.62	1135.7	1282.2	1430.5
617.67	743.78	877.78	1016.6	1158.4	1302.3	1448.6
719.34	830.15	952.07	1081.4	1215.7	1353.5	1494.8
693.36	807.73	932.59	1064.2	1200.5	1339.9	1482.5
557.03	694.24	836.22	980.89	1127.2	1274.7	1423.8
557.2	694.38	836.33	980.99	1127.3	1274.7	1423.9
555.57	693.07	835.24	980.06	1126.5	1274	1423.2
718.6	829.51	951.51	1080.9	1215.2	1353.1	1494.4
762.95	868.21	985.43	1110.8	1242	1377.2	1516.3
632.56	756.19	888.32	1025.7	1166.4	1309.4	1455
495.34	645.8	796.46	947.22	1098.1	1248.9	1400.8
775.28	879.06	995.01	1119.3	1249.6	1384	1522.5
495.65	646.03	796.65	947.39	1098.2	1249.1	1400.9
629.8	753.88	886.35	1024	1164.9	1308.1	1453.8
677.94	794.53	921.18	1054.3	1191.6	1331.9	1475.3
568.08	703.13	843.62	987.21	1132.7	1279.5	1428.2
681.06	797.2	923.48	1056.3	1193.4	1333.5	1476.8
819.71	918.49	1030	1150.6	1277.6	1409.4	1545.6
510.04	657.14	805.68	954.99	1104.8	1254.8	1406.1
565.61	701.14	841.95	985.79	1131.5	1278.4	1427.2
684.24	799.92	925.83	1058.3	1195.2	1335.2	1478.2
601.9	730.73	866.75	1007	1150.1	1294.9	1442
643.94	765.73	896.46	1032.7	1172.6	1315	1460
707.19	819.64	942.92	1073.3	1208.5	1347.1	1489
588.33	719.59	857.38	999	1143	1288.6	1436.3
655.63	775.59	904.89	1040.1	1179.1	1320.7	1465.2
581.79	714.26	852.91	995.16	1139.7	1285.7	1433.7
677.32	794.01	920.73	1053.9	1191.3	1331.6	1475
650.61	771.35	901.26	1036.9	1176.3	1318.2	1463
728.99	838.52	959.37	1087.8	1221.4	1358.6	1499.5
521.7	666.23	813.11	961.27	1110.2	1259.6	1410.4
527.57	670.84	816.89	964.47	1113	1262.1	1412.5
640.09	762.5	893.69	1030.3	1170.5	1313.1	1458.3
664.37	782.99	911.25	1045.6	1184	1325.1	1469.1
661.94	780.93	909.47	1044	1182.6	1323.9	1468
595.18	725.21	862.1	1003.1	1146.6	1291.8	1439.2
555.5	693.01	835.2	980.02	1126.5	1274	1423.2
570.38	705	845.17	988.54	1133.9	1280.5	1429.1
661.14	780.25	908.89	1043.5	1182.1	1323.5	1467.7
763.39	868.6	985.77	1111.1	1242.2	1377.4	1516.5
580.6	713.29	852.1	994.47	1139.1	1285.1	1433.2
650.85	771.55	901.43	1037	1176.4	1318.4	1463.1
717.2	828.29	950.45	1079.9	1214.4	1352.3	1493.8
570.06	704.74	844.95	988.35	1133.7	1280.4	1429
679.9	796.21	922.63	1055.5	1192.7	1332.9	1476.2
645.29	766.87	897.43	1033.6	1173.4	1315.6	1460.6
685.67	801.14	926.88	1059.2	1196	1335.9	1478.9
525.66	669.33	815.65	963.42	1112.1	1261.3	1411.8
737.48	845.91	965.84	1093.5	1226.5	1363.2	1503.6
562.36	698.52	839.78	983.93	1129.9	1277	1425.9
609.18	736.74	871.82	1011.4	1153.9	1298.3	1445
598.81	728.19	864.61	1005.2	1148.4	1293.5	1440.7
580.26	713.01	851.87	994.27	1138.9	1285	1433.1
506.74	654.58	803.59	953.23	1103.2	1253.5	1404.9
649.3	770.24	900.31	1036.1	1175.6	1317.6	1462.4
618.81	744.73	878.58	1017.2	1159	1302.8	1449.1
686.95	802.24	927.83	1060.1	1196.8	1336.5	1479.5
521.22	665.85	812.8	961.01	1110	1259.4	1410.2
747.7	854.83	973.67	1100.4	1232.6	1368.8	1508.6
625.94	750.66	883.62	1021.6	1162.8	1306.2	1452.2
739.54	847.71	967.42	1094.9	1227.7	1364.3	1504.6
655.15	775.18	904.54	1039.8	1178.8	1320.5	1465
517.42	662.88	810.37	958.95	1108.2	1257.8	1408.8
634.86	758.11	889.96	1027.1	1167.7	1310.5	1456
619.08	744.95	878.77	1017.4	1159.1	1303	1449.2
601.53	730.43	866.49	1006.8	1149.9	1294.7	1441.8
709.46	821.6	944.62	1074.8	1209.8	1348.3	1490.1
634.58	757.88	889.76	1026.9	1167.5	1310.4	1455.9
602.4	731.15	867.1	1007.4	1150.3	1295.1	1442.2
515.86	661.67	809.38	958.11	1107.5	1257.2	1408.2
750.48	857.26	975.8	1102.3	1234.3	1370.3	1510
697.83	811.58	935.92	1067.2	1203.1	1342.2	1484.6
719.49	830.27	952.18	1081.4	1215.7	1353.6	1494.9
627.7	752.12	884.86	1022.7	1163.8	1307.1	1452.9
551.84	690.08	832.77	977.95	1124.7	1272.4	1421.8
649.63	770.52	900.55	1036.3	1175.7	1317.8	1462.5
684.8	800.4	926.25	1058.7	1195.5	1335.4	1478.5
600.89	729.9	866.05	1006.4	1149.5	1294.4	1441.5
651.8	772.36	902.12	1037.6	1176.9	1318.8	1463.5
648.8	769.82	899.95	1035.8	1175.3	1317.3	1462.2
685.88	801.32	927.04	1059.4	1196.2	1336	1479
601.7	730.57	866.62	1006.9	1150	1294.8	1441.9
499.77	649.2	799.22	949.55	1100.1	1250.7	1402.4
680.43	796.66	923.02	1055.9	1193	1333.2	1476.5
626.2	750.87	883.8	1021.8	1163	1306.4	1452.3
645.75	767.26	897.76	1033.9	1173.6	1315.8	1460.8
590.84	721.65	859.11	1000.5	1144.3	1289.8	1437.4
521.87	666.36	813.22	961.36	1110.3	1259.7	1410.4
632.36	756.02	888.17	1025.5	1166.3	1309.3	1454.9
563.69	699.6	840.67	984.69	1130.5	1277.6	1426.4
575.2	708.9	848.43	991.33	1136.3	1282.7	1431
627.37	751.85	884.63	1022.5	1163.6	1306.9	1452.8
673.97	791.15	918.27	1051.7	1189.4	1329.9	1473.5
658.25	777.8	906.79	1041.7	1180.5	1322	1466.4
603.94	732.42	868.17	1008.3	1151.1	1295.8	1442.8
521.08	665.74	812.71	960.93	1109.9	1259.4	1410.1
514.87	660.9	808.75	957.58	1107	1256.8	1407.9
758.27	864.09	981.81	1107.6	1239.1	1374.6	1513.9
843.9	940.13	1049.4	1167.9	1293.3	1423.6	1558.6
712.62	824.32	946.99	1076.9	1211.7	1349.9	1491.6
599.81	729.02	865.31	1005.8	1149	1293.9	1441.1
796.59	897.91	1011.7	1134.2	1262.9	1396.1	1533.5
682.52	798.45	924.56	1057.2	1194.2	1334.3	1477.4
742.68	850.45	969.82	1097	1229.6	1366	1506.2
667.71	785.83	913.68	1047.7	1185.8	1326.8	1470.6
667.31	785.49	913.39	1047.5	1185.6	1326.6	1470.5
660.43	779.65	908.37	1043.1	1181.7	1323.1	1467.3
702.87	815.91	939.68	1070.5	1206	1344.8	1486.9
816.98	916.05	1027.8	1148.6	1275.9	1407.8	1544.2
611.4	738.58	873.38	1012.8	1155.1	1299.3	1445.9
726.44	836.3	957.44	1086.1	1219.9	1357.3	1498.2
534.45	676.26	821.35	968.25	1116.2	1264.9	1415.1
541.77	682.06	826.13	972.31	1119.8	1268.1	1417.9
697.2	811.03	935.45	1066.7	1202.7	1341.8	1484.3
501.34	650.41	800.2	950.37	1100.8	1251.3	1403
518.24	663.52	810.89	959.39	1108.6	1258.2	1409.1
844.6	940.76	1049.9	1168.4	1293.7	1424	1558.9
702.8	815.85	939.63	1070.4	1205.9	1344.8	1486.9
616.71	742.98	877.1	1016	1157.9	1301.8	1448.2
641.89	764.01	894.98	1031.4	1171.5	1314	1459.1
653.43	773.73	903.3	1038.7	1177.9	1319.6	1464.2
533.48	675.49	820.72	967.71	1115.8	1264.5	1414.8
839.46	936.15	1045.8	1164.7	1290.4	1421	1556.2
683.24	799.07	925.09	1057.7	1194.6	1334.6	1477.8
511.73	658.45	806.75	955.9	1105.5	1255.5	1406.7
652.49	772.94	902.62	1038.1	1177.3	1319.2	1463.8
728.31	837.93	958.86	1087.3	1221	1358.3	1499.1
595.64	725.58	862.41	1003.3	1146.8	1292	1439.4
655.03	775.09	904.46	1039.7	1178.7	1320.4	1464.9
672.95	790.28	917.52	1051.1	1188.8	1329.4	1473
522.37	666.75	813.54	961.63	1110.5	1259.9	1410.6
616.63	742.91	877.05	1015.9	1157.8	1301.8	1448.2
509.17	656.46	805.13	954.53	1104.4	1254.5	1405.8
555.64	693.12	835.29	980.1	1126.5	1274	1423.3
584.94	716.83	855.06	997.01	1141.3	1287.1	1435
622.81	748.05	881.4	1019.7	1161.1	1304.7	1450.8
605.32	733.55	869.13	1009.1	1151.9	1296.5	1443.4
623.33	748.49	881.77	1020	1161.4	1305	1451
518.25	663.53	810.9	959.4	1108.6	1258.2	1409.1
563.64	699.55	840.63	984.66	1130.5	1277.6	1426.4
613.41	740.24	874.79	1014	1156.1	1300.3	1446.8
778.67	882.05	997.65	1121.7	1251.7	1385.9	1524.2
794.68	896.21	1010.2	1132.9	1261.7	1395	1532.5
710.86	822.81	945.67	1075.7	1210.7	1349	1490.7
512.39	658.96	807.17	956.25	1105.8	1255.8	1406.9
556.19	693.57	835.66	980.42	1126.8	1274.3	1423.5
568.73	703.66	844.05	987.58	1133.1	1279.8	1428.4
584	716.06	854.42	996.45	1140.8	1286.7	1434.6
737.67	846.08	965.99	1093.6	1226.6	1363.3	1503.7
825.62	923.76	1034.7	1154.8	1281.4	1412.8	1548.7
707.12	819.57	942.86	1073.3	1208.5	1347	1488.9
569.35	704.17	844.48	987.94	1133.4	1280.1	1428.7
761.85	867.24	984.58	1110.1	1241.3	1376.5	1515.7
652.69	773.1	902.76	1038.2	1177.4	1319.3	1463.9
697.14	810.98	935.4	1066.7	1202.6	1341.8	1484.2
663.75	782.47	910.79	1045.2	1183.6	1324.8	1468.8
639.86	762.31	893.53	1030.2	1170.4	1313	1458.2
610.19	737.58	872.53	1012	1154.4	1298.8	1445.4
527.13	670.49	816.61	964.23	1112.8	1261.9	1412.4
601.17	730.13	866.25	1006.6	1149.7	1294.6	1441.7
551.79	690.05	832.74	977.93	1124.7	1272.4	1421.8
592.81	723.27	860.47	1001.6	1145.3	1290.7	1438.2
576.55	710	849.34	992.11	1137	1283.3	1431.6
696.24	810.21	934.74	1066.1	1202.1	1341.3	1483.8
658.16	777.73	906.73	1041.7	1180.5	1322	1466.3
617.42	743.57	877.6	1016.4	1158.3	1302.2	1448.5
662.76	781.63	910.07	1044.6	1183.1	1324.3	1468.4
590.89	721.69	859.14	1000.5	1144.3	1289.8	1437.4
524.48	668.41	814.9	962.78	1111.5	1260.8	1411.4
635.65	758.77	890.52	1027.6	1168.1	1310.9	1456.4
619.99	745.7	879.41	1018	1159.6	1303.4	1449.6
496.03	646.32	796.88	947.58	1098.4	1249.2	1401.1
703.44	816.4	940.11	1070.8	1206.3	1345.1	1487.2
703.73	816.65	940.32	1071	1206.5	1345.2	1487.3
799.03	900.08	1013.6	1135.9	1264.4	1397.5	1534.7
678.51	795.03	921.61	1054.6	1191.9	1332.2	1475.6
611.13	738.35	873.18	1012.6	1154.9	1299.2	1445.8
647.14	768.42	898.76	1034.7	1174.4	1316.5	1461.4
694.09	808.36	933.13	1064.7	1200.9	1340.2	1482.8
617.11	743.31	877.38	1016.2	1158.1	1302	1448.4
677.09	793.81	920.55	1053.7	1191.1	1331.5	1474.9
627.77	752.18	884.91	1022.7	1163.8	1307.1	1452.9
662.04	781.02	909.55	1044.1	1182.7	1323.9	1468.1
568.78	703.7	844.09	987.61	1133.1	1279.8	1428.4
510.44	657.45	805.93	955.21	1104.9	1255	1406.2
583.02	715.26	853.75	995.88	1140.3	1286.2	1434.2
697.82	811.56	935.91	1067.2	1203	1342.2	1484.6
590.67	721.51	858.99	1000.4	1144.2	1289.7	1437.3
748.71	855.72	974.45	1101.1	1233.3	1369.3	1509.1
694.27	808.52	933.27	1064.8	1201	1340.3	1482.9
496.72	646.85	797.31	947.94	1098.7	1249.5	1401.3
643.93	765.72	896.45	1032.7	1172.6	1315	1460
740.48	848.53	968.14	1095.5	1228.3	1364.8	1505.1
578.01	711.19	850.34	992.96	1137.7	1284	1432.1
514.51	660.61	808.52	957.39	1106.8	1256.7	1407.7
641.2	763.43	894.49	1031	1171.1	1313.6	1458.8
684.71	800.32	926.18	1058.6	1195.5	1335.4	1478.4
505.14	653.34	802.58	952.38	1102.5	1252.8	1404.3
667.33	785.5	913.4	1047.5	1185.6	1326.6	1470.5
776.42	880.06	995.89	1120.1	1250.3	1384.7	1523.1
520.24	665.08	812.17	960.48	1109.5	1259	1409.8
617.1	743.3	877.37	1016.2	1158.1	1302	1448.4
719.41	830.21	952.12	1081.4	1215.7	1353.5	1494.8
700.67	814.02	938.04	1069	1204.7	1343.6	1485.9
725.68	835.64	956.86	1085.6	1219.4	1356.9	1497.9
717.81	828.82	950.91	1080.3	1214.7	1352.7	1494.1
668.43	786.44	914.21	1048.2	1186.2	1327.1	1471
539.01	679.87	824.32	970.77	1118.4	1266.9	1416.9
813.66	913.09	1025.2	1146.3	1273.7	1405.9	1542.4
720.15	830.84	952.68	1081.9	1216.1	1353.9	1495.2
678.13	794.7	921.33	1054.4	1191.7	1332	1475.4
832.66	930.06	1040.3	1159.8	1286	1417	1552.5
634.22	757.58	889.5	1026.7	1167.3	1310.2	1455.7
687.77	802.94	928.44	1060.6	1197.2	1337	1479.9
789.22	891.38	1005.9	1129	1258.3	1391.9	1529.6
623.51	748.64	881.9	1020.1	1161.5	1305.1	1451.1
671.61	789.15	916.54	1050.2	1188	1328.7	1472.4
776.29	879.95	995.79	1120	1250.2	1384.6	1523
646.35	767.76	898.19	1034.2	1173.9	1316.1	1461.1
709.36	821.51	944.55	1074.7	1209.8	1348.2	1490
642.72	764.7	895.58	1032	1171.9	1314.4	1459.5
585.16	717.01	855.21	997.13	1141.4	1287.2	1435
594.14	724.36	861.38	1002.4	1146	1291.3	1438.7
633.43	756.91	888.93	1026.2	1166.9	1309.8	1455.4
719.87	830.61	952.47	1081.7	1216	1353.8	1495
773.19	877.22	993.38	1117.9	1248.3	1382.9	1521.4
824.88	923.1	1034.1	1154.3	1280.9	1412.4	1548.3
641.23	763.45	894.51	1031	1171.1	1313.6	1458.8
583.98	716.04	854.4	996.44	1140.8	1286.7	1434.6
693.73	808.05	932.86	1064.5	1200.7	1340	1482.6
709.8	821.89	944.88	1075	1210	1348.4	1490.2
711.49	823.35	946.15	1076.1	1211	1349.3	1491
605.79	733.94	869.46	1009.4	1152.1	1296.7	1443.6
761.91	867.29	984.62	1110.1	1241.3	1376.6	1515.7
707.2	819.65	942.93	1073.3	1208.5	1347.1	1489
610.94	738.2	873.06	1012.5	1154.8	1299.1	1445.8
726.99	836.78	957.85	1086.5	1220.2	1357.6	1498.5
707.94	820.28	943.48	1073.8	1208.9	1347.5	1489.3
681.54	797.61	923.83	1056.6	1193.7	1333.8	1477
747.31	854.5	973.37	1100.2	1232.4	1368.6	1508.5
553.93	691.76	834.16	979.14	1125.7	1273.3	1422.6
603.04	731.67	867.54	1007.7	1150.7	1295.4	1442.4
619.59	745.37	879.13	1017.7	1159.4	1303.2	1449.4
589.72	720.73	858.34	999.82	1143.7	1289.3	1436.9
678.42	794.94	921.53	1054.6	1191.9	1332.2	1475.5
665.49	783.94	912.06	1046.3	1184.6	1325.6	1469.6
613.43	740.26	874.8	1014	1156.1	1300.3	1446.8
669.96	787.74	915.33	1049.1	1187.1	1327.9	1471.7
654.37	774.52	903.97	1039.3	1178.4	1320.1	1464.6
704.35	817.19	940.79	1071.4	1206.8	1345.6	1487.6
614.73	741.33	875.71	1014.8	1156.8	1300.9	1447.4
629.27	753.44	885.98	1023.6	1164.6	1307.8	1453.6
604.88	733.19	868.82	1008.8	1151.6	1296.3	1443.2
746.92	854.15	973.07	1099.9	1232.2	1368.3	1508.3
636.67	759.62	891.25	1028.2	1168.6	1311.4	1456.8
554.35	692.1	834.44	979.38	1125.9	1273.5	1422.8
668.06	786.12	913.94	1047.9	1186	1326.9	1470.8
588.43	719.68	857.45	999.06	1143.1	1288.7	1436.4
505.62	653.71	802.88	952.64	1102.7	1253	1404.5
522.46	666.83	813.6	961.68	1110.6	1259.9	1410.6
582.16	714.56	853.17	995.38	1139.9	1285.8	1433.8
597.08	726.76	863.41	1004.2	1147.5	1292.7	1439.9
655.48	775.46	904.78	1040	1179	1320.6	1465.1
670.55	788.24	915.76	1049.5	1187.4	1328.2	1471.9
557.73	694.8	836.68	981.29	1127.6	1275	1424.1
637.95	760.7	892.16	1029	1169.3	1312	1457.4
705.28	817.99	941.49	1072	1207.4	1346.1	1488.1
699.36	812.89	937.06	1068.2	1203.9	1343	1485.3
622.48	747.78	881.17	1019.5	1161	1304.6	1450.7
678.6	795.1	921.67	1054.7	1192	1332.3	1475.6
844.09	940.31	1049.5	1168.1	1293.4	1423.7	1558.7
623.85	748.91	882.13	1020.3	1161.7	1305.2	1451.3
681.03	797.18	923.46	1056.3	1193.4	1333.5	1476.7
666.99	785.22	913.16	1047.3	1185.4	1326.4	1470.3
589.13	720.25	857.93	999.47	1143.4	1289	1436.7
763.52	868.71	985.87	1111.2	1242.3	1377.5	1516.5
572.48	706.7	846.59	989.75	1134.9	1281.5	1429.9
628.36	752.68	885.33	1023.1	1164.1	1307.4	1453.2
587.08	718.57	856.53	998.26	1142.4	1288.1	1435.8
692.63	807.1	932.04	1063.8	1200	1339.5	1482.1
506.59	654.46	803.5	953.15	1103.2	1253.4	1404.8
668.02	786.09	913.91	1047.9	1186	1326.9	1470.8
553.88	691.71	834.12	979.1	1125.7	1273.3	1422.6
591.34	722.06	859.45	1000.8	1144.6	1290	1437.6
666.81	785.07	913.03	1047.1	1185.3	1326.3	1470.2
676.04	792.92	919.79	1053	1190.5	1331	1474.4
698.25	811.94	936.23	1067.4	1203.3	1342.4	1484.8
518.24	663.52	810.89	959.4	1108.6	1258.2	1409.1
680.87	797.04	923.34	1056.2	1193.3	1333.4	1476.7
670.12	787.87	915.44	1049.2	1187.2	1328	1471.7
655.11	775.15	904.52	1039.7	1178.8	1320.5	1465
609.21	736.77	871.84	1011.4	1153.9	1298.3	1445
