401 20
 -65      -65      -65      -65      -65      -65      -65      -65      -65      -65      -65      -65      -65      -65      -65      -65      -65      -65      -65      -65     
 -65.1    -65.1    -65.1    -65.2    -65.2    -65.3    -65.4    -65.5    -65.7    -65.9    -65.5    -65.3    -65.2    -65.2    -65.1    -65.1    -65.1    -65.1    -65.1    -65     
 -65.2    -65.2    -65.2    -65.2    -65.3    -65.4    -65.5    -65.7    -65.9    -66      -65.6    -65.4    -65.3    -65.2    -65.2    -65.1    -65.1    -65.1    -65.1    -65     
 -65.2    -65.2    -65.2    -65.3    -65.4    -65.5    -65.6    -65.8    -66      -65.9    -65.6    -65.4    -65.3    -65.2    -65.2    -65.1    -65.1    -65.1    -65.1    -65     
 -65.3    -65.2    -65.3    -65.3    -65.4    -65.5    -65.7    -65.8    -65.9    -65.9    -65.5    -65.4    -65.3    -65.2    -65.2    -65.1    -65.1    -65.1    -65.1    -65     
 -65.3    -65.3    -65.3    -65.4    -65.4    -65.6    -65.7    -65.8    -65.9    -65.8    -65.5    -65.3    -65.3    -65.2    -65.2    -65.1    -65.1    -65.1    -65      -65     
 -65.3    -65.3    -65.3    -65.4    -65.5    -65.6    -65.7    -65.8    -65.9    -65.8    -65.5    -65.3    -65.2    -65.2    -65.2    -65.1    -65.1    -65.1    -65      -65     
 -65.4    -65.4    -65.4    -65.4    -65.5    -65.6    -65.7    -65.8    -65.8    -65.7    -65.5    -65.3    -65.2    -65.2    -65.2    -65.1    -65.1    -65.1    -65      -65     
 -65.4    -65.4    -65.4    -65.5    -65.5    -65.6    -65.7    -65.8    -65.8    -65.6    -65.4    -65.3    -65.2    -65.2    -65.2    -65.1    -65.1    -65.1    -65      -65     
 -65.4    -65.4    -65.4    -65.5    -65.5    -65.6    -65.7    -65.7    -65.7    -65.6    -65.4    -65.3    -65.2    -65.2    -65.2    -65.1    -65.1    -65.1    -65      -65     
 -65.5    -65.4    -65.5    -65.5    -65.5    -65.6    -65.7    -65.7    -65.6    -65.5    -65.4    -65.3    -65.2    -65.2    -65.2    -65.1    -65.1    -65.1    -65      -65     
 -65.5    -65.5    -65.5    -65.5    -65.5    -65.6    -65.6    -65.6    -65.5    -65.4    -65.4    -65.3    -65.2    -65.2    -65.1    -65.1    -65.1    -65.1    -65      -65     
 -65.5    -65.5    -65.5    -65.5    -65.5    -65.6    -65.6    -65.6    -65.4    -65.3    -65.3    -65.3    -65.2    -65.2    -65.1    -65.1    -65.1    -65.1    -65      -65     
 -65.5    -65.5    -65.5    -65.5    -65.5    -65.6    -65.5    -65.5    -65.4    -65.2    -65.3    -65.3    -65.2    -65.2    -65.1    -65.1    -65.1    -65.1    -65      -65     
 -65.5    -65.5    -65.5    -65.5    -65.5    -65.5    -65.5    -65.4    -65.2    -65.1    -65.3    -65.3    -65.2    -65.2    -65.1    -65.1    -65.1    -65.1    -65      -65     
 -65.6    -65.5    -65.5    -65.5    -65.5    -65.5    -65.4    -65.3    -65.1    -64.9    -65.2    -65.2    -65.2    -65.2    -65.1    -65.1    -65.1    -65.1    -65      -65     
 -65.6    -65.5    -65.5    -65.5    -65.5    -65.5    -65.4    -65.2    -65      -64.8    -65.2    -65.2    -65.2    -65.2    -65.1    -65.1    -65.1    -65.1    -65      -65     
 -65.6    -65.5    -65.5    -65.5    -65.5    -65.4    -65.3    -65.1    -64.9    -64.7    -65.2    -65.2    -65.2    -65.2    -65.1    -65.1    -65.1    -65.1    -65      -65     
 -65.6    -65.5    -65.5    -65.5    -65.4    -65.4    -65.2    -65      -64.8    -64.6    -65.1    -65.2    -65.2    -65.2    -65.1    -65.1    -65.1    -65.1    -65      -65     
 -65.6    -65.5    -65.5    -65.5    -65.4    -65.3    -65.2    -64.9    -64.6    -64.5    -65.1    -65.2    -65.2    -65.2    -65.1    -65.1    -65.1    -65.1    -65      -65     
 -65.6    -65.5    -65.5    -65.4    -65.3    -65.2    -65.1    -64.8    -64.5    -64.3    -65      -65.2    -65.2    -65.2    -65.1    -65.1    -65.1    -65.1    -65      -65     
 -65.5    -65.5    -65.5    -65.4    -65.3    -65.2    -65      -64.7    -64.4    -64.2    -65      -65.2    -65.2    -65.1    -65.1    -65.1    -65.1    -65.1    -65      -65     
 -65.5    -65.5    -65.4    -65.4    -65.3    -65.1    -64.9    -64.6    -64.2    -64.1    -65      -65.2    -65.2    -65.1    -65.1    -65.1    -65.1    -65.1    -65      -65     
 -65.5    -65.5    -65.4    -65.3    -65.2    -65      -64.8    -64.5    -64.1    -63.9    -64.9    -65.2    -65.2    -65.1    -65.1    -65.1    -65.1    -65.1    -65      -65     
 -65.5    -65.4    -65.4    -65.3    -65.1    -65      -64.7    -64.3    -63.9    -63.8    -64.9    -65.2    -65.2    -65.1    -65.1    -65.1    -65.1    -65      -65      -65     
 -65.5    -65.4    -65.3    -65.2    -65.1    -64.9    -64.6    -64.2    -63.8    -63.7    -64.8    -65.1    -65.2    -65.1    -65.1    -65.1    -65.1    -65      -65      -65     
 -65.4    -65.4    -65.3    -65.2    -65      -64.8    -64.5    -64.1    -63.6    -63.6    -64.8    -65.1    -65.2    -65.1    -65.1    -65.1    -65.1    -65      -65      -65     
 -65.4    -65.3    -65.3    -65.1    -64.9    -64.7    -64.4    -64      -63.5    -63.5    -64.7    -65.1    -65.1    -65.1    -65.1    -65.1    -65.1    -65      -65      -65     
 -65.4    -65.3    -65.2    -65.1    -64.9    -64.6    -64.3    -63.8    -63.4    -63.3    -64.7    -65.1    -65.1    -65.1    -65.1    -65.1    -65.1    -65      -65      -65     
 -65.3    -65.3    -65.2    -65      -64.8    -64.5    -64.2    -63.7    -63.2    -63.2    -64.6    -65.1    -65.1    -65.1    -65.1    -65.1    -65.1    -65      -65      -65     
 -65.3    -65.2    -65.1    -64.9    -64.7    -64.4    -64      -63.6    -63.1    -63.1    -64.6    -65.1    -65.1    -65.1    -65.1    -65.1    -65.1    -65      -65      -65     
 -65.2    -65.2    -65      -64.9    -64.6    -64.3    -63.9    -63.4    -62.9    -63      -64.5    -65.1    -65.1    -65.1    -65.1    -65.1    -65.1    -65      -65      -65     
 -65.2    -65.1    -65      -64.8    -64.5    -64.2    -63.8    -63.3    -62.8    -62.9    -64.5    -65.1    -65.1    -65.1    -65.1    -65.1    -65.1    -65      -65      -65     
 -65.1    -65      -64.9    -64.7    -64.5    -64.1    -63.7    -63.2    -62.6    -62.8    -64.4    -65.1    -65.1    -65.1    -65.1    -65.1    -65.1    -65      -65      -65     
 -65.1    -65      -64.8    -64.6    -64.4    -64      -63.6    -63      -62.5    -62.7    -64.4    -65      -65.1    -65.1    -65.1    -65.1    -65.1    -65      -65      -65     
 -65      -64.9    -64.8    -64.6    -64.3    -63.9    -63.5    -62.9    -62.4    -62.6    -64.3    -65      -65.1    -65.1    -65.1    -65.1    -65.1    -65      -65      -65     
 -64.9    -64.8    -64.7    -64.5    -64.2    -63.8    -63.3    -62.8    -62.2    -62.5    -64.3    -65      -65.1    -65.1    -65.1    -65.1    -65.1    -65      -65      -65     
 -64.9    -64.8    -64.6    -64.4    -64.1    -63.7    -63.2    -62.6    -62.1    -62.4    -64.2    -65      -65.1    -65.1    -65.1    -65.1    -65.1    -65      -65      -65     
 -64.8    -64.7    -64.5    -64.3    -64      -63.6    -63.1    -62.5    -62      -62.4    -64.2    -65      -65.1    -65.1    -65.1    -65.1    -65.1    -65      -65      -65     
 -64.7    -64.6    -64.5    -64.2    -63.9    -63.5    -63      -62.4    -61.9    -62.3    -64.1    -65      -65.1    -65.1    -65.1    -65.1    -65.1    -65      -65      -65     
 -64.6    -64.6    -64.4    -64.1    -63.8    -63.4    -62.9    -62.3    -61.7    -62.2    -64.1    -65      -65.1    -65.1    -65.1    -65.1    -65.1    -65      -65      -65     
 -64.6    -64.5    -64.3    -64      -63.7    -63.3    -62.7    -62.1    -61.6    -62.1    -64      -65      -65.1    -65.1    -65.1    -65.1    -65      -65      -65      -65     
 -64.5    -64.4    -64.2    -64      -63.6    -63.2    -62.6    -62      -61.5    -62      -64      -65      -65.1    -65.1    -65.1    -65.1    -65      -65      -65      -65     
 -64.4    -64.3    -64.1    -63.9    -63.5    -63.1    -62.5    -61.9    -61.4    -62      -63.9    -64.9    -65.1    -65.1    -65.1    -65.1    -65      -65      -65      -65     
 -64.3    -64.2    -64      -63.8    -63.4    -62.9    -62.4    -61.8    -61.3    -61.9    -63.9    -64.9    -65.1    -65.1    -65.1    -65.1    -65      -65      -65      -65     
 -64.2    -64.1    -63.9    -63.7    -63.3    -62.8    -62.3    -61.7    -61.2    -61.8    -63.8    -64.9    -65.1    -65.1    -65.1    -65.1    -65      -65      -65      -65     
 -64.2    -64      -63.9    -63.6    -63.2    -62.7    -62.2    -61.5    -61.1    -61.8    -63.8    -64.9    -65.1    -65.1    -65.1    -65.1    -65      -65      -65      -65     
 -64.1    -64      -63.8    -63.5    -63.1    -62.6    -62.1    -61.4    -61      -61.7    -63.8    -64.9    -65.1    -65.1    -65.1    -65.1    -65      -65      -65      -65     
 -64      -63.9    -63.7    -63.4    -63      -62.5    -61.9    -61.3    -60.9    -61.7    -63.7    -64.9    -65.1    -65.1    -65.1    -65.1    -65      -65      -65      -65     
 -63.9    -63.8    -63.6    -63.3    -62.9    -62.4    -61.8    -61.2    -60.8    -61.6    -63.7    -64.9    -65.1    -65.1    -65.1    -65.1    -65      -65      -65      -65     
 -63.8    -63.7    -63.5    -63.2    -62.8    -62.3    -61.7    -61.1    -60.7    -61.6    -63.6    -64.9    -65.1    -65.1    -65.1    -65.1    -65      -65      -65      -65     
 -63.7    -63.6    -63.4    -63.1    -62.7    -62.2    -61.6    -61      -60.6    -61.5    -63.6    -64.9    -65      -65.1    -65.1    -65.1    -65      -65      -65      -65     
 -63.6    -63.5    -63.3    -63      -62.6    -62.1    -61.5    -60.9    -60.5    -61.5    -63.5    -64.8    -65      -65.1    -65.1    -65.1    -65      -65      -65      -65     
 -63.5    -63.4    -63.2    -62.9    -62.5    -62      -61.4    -60.8    -60.4    -61.4    -63.5    -64.8    -65      -65.1    -65.1    -65.1    -65      -65      -65      -65     
 -63.4    -63.3    -63.1    -62.8    -62.4    -61.9    -61.3    -60.7    -60.3    -61.4    -63.5    -64.8    -65      -65.1    -65.1    -65.1    -65      -65      -65      -65     
 -63.3    -63.2    -63      -62.7    -62.3    -61.8    -61.2    -60.6    -60.2    -61.3    -63.4    -64.8    -65      -65.1    -65.1    -65      -65      -65      -65      -65     
 -63.2    -63.1    -62.9    -62.6    -62.2    -61.7    -61.1    -60.5    -60.1    -61.3    -63.4    -64.8    -65      -65.1    -65.1    -65      -65      -65      -65      -65     
 -63.1    -63      -62.8    -62.5    -62.1    -61.6    -61      -60.4    -60.1    -61.3    -63.4    -64.8    -65      -65.1    -65.1    -65      -65      -65      -65      -65     
 -63      -62.9    -62.7    -62.4    -62      -61.4    -60.9    -60.3    -60      -61.2    -63.3    -64.8    -65      -65.1    -65.1    -65      -65      -65      -65      -65     
 -62.9    -62.8    -62.6    -62.3    -61.9    -61.3    -60.8    -60.2    -59.9    -61.2    -63.3    -64.8    -65      -65.1    -65.1    -65      -65      -65      -65      -65     
 -62.8    -62.7    -62.5    -62.2    -61.7    -61.2    -60.7    -60.1    -59.8    -61.2    -63.3    -64.8    -65      -65.1    -65.1    -65      -65      -65      -65      -65     
 -62.7    -62.6    -62.4    -62.1    -61.6    -61.1    -60.6    -60      -59.8    -61.1    -63.2    -64.8    -65      -65.1    -65.1    -65      -65      -65      -65      -65     
 -62.6    -62.5    -62.3    -62      -61.5    -61      -60.5    -59.9    -59.7    -61.1    -63.2    -64.8    -65      -65.1    -65.1    -65      -65      -65      -65      -65     
 -62.5    -62.4    -62.2    -61.9    -61.4    -60.9    -60.4    -59.8    -59.6    -61.1    -63.2    -64.7    -65      -65      -65.1    -65      -65      -65      -65      -65     
 -62.4    -62.3    -62.1    -61.8    -61.3    -60.8    -60.3    -59.7    -59.6    -61.1    -63.1    -64.7    -65      -65      -65      -65      -65      -65      -65      -65     
 -62.3    -62.2    -62      -61.7    -61.2    -60.7    -60.2    -59.6    -59.5    -61      -63.1    -64.7    -65      -65      -65      -65      -65      -65      -65      -65     
 -62.2    -62.1    -61.9    -61.6    -61.1    -60.6    -60.1    -59.6    -59.5    -61      -63.1    -64.7    -65      -65      -65      -65      -65      -65      -65      -65     
 -62.1    -62      -61.8    -61.5    -61      -60.5    -60      -59.5    -59.4    -61      -63      -64.7    -65      -65      -65      -65      -65      -65      -65      -65     
 -62      -61.9    -61.7    -61.4    -60.9    -60.4    -59.9    -59.4    -59.3    -61      -63      -64.7    -65      -65      -65      -65      -65      -65      -65      -65     
 -61.9    -61.8    -61.6    -61.3    -60.8    -60.3    -59.8    -59.3    -59.3    -61      -63      -64.7    -65      -65      -65      -65      -65      -65      -65      -65     
 -61.8    -61.7    -61.5    -61.2    -60.7    -60.3    -59.7    -59.2    -59.2    -60.9    -63      -64.7    -65      -65      -65      -65      -65      -65      -65      -65     
 -61.7    -61.6    -61.4    -61.1    -60.6    -60.2    -59.6    -59.2    -59.2    -60.9    -62.9    -64.7    -65      -65      -65      -65      -65      -65      -65      -65     
 -61.6    -61.5    -61.3    -61      -60.6    -60.1    -59.5    -59.1    -59.2    -60.9    -62.9    -64.7    -65      -65      -65      -65      -65      -65      -65      -65     
 -61.5    -61.4    -61.2    -60.9    -60.5    -60      -59.5    -59      -59.1    -60.9    -62.9    -64.7    -65      -65      -65      -65      -65      -65      -65      -65     
 -61.4    -61.3    -61.1    -60.8    -60.4    -59.9    -59.4    -58.9    -59.1    -60.9    -62.9    -64.7    -65      -65      -65      -65      -65      -65      -65      -65     
 -61.3    -61.2    -61      -60.7    -60.3    -59.8    -59.3    -58.9    -59      -60.9    -62.8    -64.7    -65      -65      -65      -65      -65      -65      -65      -65     
 -61.2    -61.1    -60.9    -60.6    -60.2    -59.7    -59.2    -58.8    -59      -60.9    -62.8    -64.6    -65      -65      -65      -65      -65      -65      -65      -65     
 -61.1    -61      -60.8    -60.5    -60.1    -59.6    -59.1    -58.7    -58.9    -60.9    -62.8    -64.6    -65      -65      -65      -65      -65      -65      -65      -65     
 -61      -60.9    -60.7    -60.4    -60      -59.5    -59      -58.7    -58.9    -60.9    -62.8    -64.6    -65      -65      -65      -65      -65      -65      -65      -65     
 -60.9    -60.8    -60.6    -60.3    -59.9    -59.4    -59      -58.6    -58.9    -60.9    -62.7    -64.6    -65      -65      -65      -65      -65      -65      -65      -65     
 -60.8    -60.7    -60.5    -60.2    -59.8    -59.3    -58.9    -58.5    -58.8    -60.9    -62.7    -64.6    -65      -65      -65      -65      -65      -65      -65      -65     
 -60.7    -60.6    -60.4    -60.1    -59.7    -59.3    -58.8    -58.5    -58.8    -60.9    -62.7    -64.6    -65      -65      -65      -65      -65      -65      -65      -65     
 -60.6    -60.5    -60.3    -60      -59.6    -59.2    -58.7    -58.4    -58.8    -60.9    -62.7    -64.6    -65      -65      -65      -65      -65      -65      -65      -65     
 -60.5    -60.4    -60.2    -59.9    -59.5    -59.1    -58.7    -58.4    -58.8    -60.9    -62.7    -64.6    -65      -65      -65      -65      -65      -65      -65      -65     
 -60.4    -60.3    -60.1    -59.8    -59.4    -59      -58.6    -58.3    -58.7    -60.9    -62.7    -64.6    -65      -65      -65      -65      -65      -65      -65      -65     
 -60.3    -60.2    -60      -59.7    -59.3    -58.9    -58.5    -58.3    -58.7    -60.9    -62.6    -64.6    -65      -65      -65      -65      -65      -65      -65      -65     
 -60.2    -60.1    -59.9    -59.6    -59.3    -58.8    -58.4    -58.2    -58.7    -60.9    -62.6    -64.6    -64.9    -65      -65      -65      -65      -65      -65      -65     
 -60.1    -60      -59.8    -59.5    -59.2    -58.8    -58.4    -58.1    -58.7    -60.9    -62.6    -64.6    -64.9    -65      -65      -65      -65      -65      -65      -65     
 -60      -59.9    -59.7    -59.4    -59.1    -58.7    -58.3    -58.1    -58.6    -60.9    -62.6    -64.6    -64.9    -65      -65      -65      -65      -65      -65      -65     
 -59.9    -59.8    -59.6    -59.3    -59      -58.6    -58.2    -58      -58.6    -60.9    -62.6    -64.6    -64.9    -65      -65      -65      -65      -65      -65      -65     
 -59.8    -59.7    -59.5    -59.3    -58.9    -58.5    -58.1    -58      -58.6    -60.9    -62.6    -64.6    -64.9    -65      -65      -65      -65      -65      -65      -65     
 -59.7    -59.6    -59.4    -59.2    -58.8    -58.4    -58.1    -57.9    -58.6    -61      -62.5    -64.6    -64.9    -65      -65      -65      -65      -65      -65      -65     
 -59.6    -59.5    -59.3    -59.1    -58.7    -58.4    -58      -57.9    -58.6    -61      -62.5    -64.6    -64.9    -65      -65      -65      -65      -65      -65      -65     
 -59.5    -59.4    -59.3    -59      -58.6    -58.3    -57.9    -57.8    -58.5    -61      -62.5    -64.5    -64.9    -65      -65      -65      -65      -65      -65      -65     
 -59.4    -59.3    -59.2    -58.9    -58.6    -58.2    -57.9    -57.8    -58.5    -61      -62.5    -64.5    -64.9    -65      -65      -65      -65      -65      -65      -65     
 -59.3    -59.3    -59.1    -58.8    -58.5    -58.1    -57.8    -57.8    -58.5    -61      -62.5    -64.5    -64.9    -65      -65      -65      -65      -65      -65      -65     
 -59.3    -59.2    -59      -58.7    -58.4    -58      -57.8    -57.7    -58.5    -61      -62.5    -64.5    -64.9    -65      -65      -65      -65      -65      -65      -65     
 -59.2    -59.1    -58.9    -58.6    -58.3    -58      -57.7    -57.7    -58.5    -61.1    -62.5    -64.5    -64.9    -65      -65      -65      -65      -65      -65      -65     
 -59.1    -59      -58.8    -58.5    -58.2    -57.9    -57.6    -57.6    -58.5    -61.1    -62.5    -64.5    -64.9    -65      -65      -65      -65      -65      -65      -65     
 -59      -58.9    -58.7    -58.4    -58.1    -57.8    -57.6    -57.6    -58.5    -61.1    -62.5    -64.5    -64.9    -65      -65      -65      -65      -65      -65      -65     
 -58.9    -58.8    -58.6    -58.4    -58.1    -57.7    -57.5    -57.5    -58.5    -61.1    -62.4    -64.5    -64.9    -65      -65      -65      -65      -65      -65      -65     
 -58.8    -58.7    -58.5    -58.3    -58      -57.7    -57.4    -57.5    -58.5    -61.1    -62.4    -64.5    -64.9    -65      -65      -65      -65      -65      -65      -65     
 -58.7    -58.6    -58.4    -58.2    -57.9    -57.6    -57.4    -57.5    -58.5    -61.2    -62.4    -64.5    -64.9    -65      -65      -65      -65      -65      -65      -65     
 -58.6    -58.5    -58.3    -58.1    -57.8    -57.5    -57.3    -57.4    -58.5    -61.2    -62.4    -64.5    -64.9    -65      -65      -65      -65      -65      -65      -65     
 -58.5    -58.4    -58.2    -58      -57.7    -57.5    -57.3    -57.4    -58.5    -61.2    -62.4    -64.5    -64.9    -65      -65      -65      -65      -65      -65      -65     
 -58.4    -58.3    -58.1    -57.9    -57.6    -57.4    -57.2    -57.4    -58.5    -61.2    -62.4    -64.5    -64.9    -65      -65      -65      -65      -65      -65      -65     
 -58.3    -58.2    -58      -57.8    -57.6    -57.3    -57.2    -57.3    -58.5    -61.3    -62.4    -64.5    -64.9    -65      -65      -65      -65      -65      -65      -65     
 -58.2    -58.1    -58      -57.7    -57.5    -57.2    -57.1    -57.3    -58.5    -61.3    -62.4    -64.5    -64.9    -65      -65      -65      -65      -65      -65      -65     
 -58.1    -58      -57.9    -57.7    -57.4    -57.2    -57      -57.3    -58.5    -61.3    -62.4    -64.5    -64.9    -65      -65      -65      -65      -65      -65      -65     
 -58      -57.9    -57.8    -57.6    -57.3    -57.1    -57      -57.2    -58.5    -61.4    -62.4    -64.5    -64.9    -65      -65      -65      -65      -65      -65      -65     
 -57.9    -57.8    -57.7    -57.5    -57.2    -57      -56.9    -57.2    -58.5    -61.4    -62.4    -64.5    -64.9    -65      -65      -65      -65      -65      -65      -65     
 -57.8    -57.7    -57.6    -57.4    -57.2    -57      -56.9    -57.2    -58.5    -61.4    -62.4    -64.5    -64.9    -65      -65      -65      -65      -65      -65      -65     
 -57.7    -57.6    -57.5    -57.3    -57.1    -56.9    -56.8    -57.2    -58.5    -61.4    -62.4    -64.5    -64.9    -65      -65      -65      -65      -65      -65      -65     
 -57.6    -57.5    -57.4    -57.2    -57      -56.8    -56.8    -57.1    -58.5    -61.5    -62.4    -64.5    -64.9    -65      -65      -65      -65      -65      -65      -65     
 -57.5    -57.4    -57.3    -57.1    -56.9    -56.7    -56.7    -57.1    -58.6    -61.5    -62.4    -64.5    -64.9    -65      -65      -65      -65      -65      -65      -65     
 -57.4    -57.3    -57.2    -57      -56.8    -56.7    -56.7    -57.1    -58.6    -61.6    -62.4    -64.5    -64.9    -65      -65      -65      -65      -65      -65      -65     
 -57.3    -57.2    -57.1    -56.9    -56.8    -56.6    -56.6    -57.1    -58.6    -61.6    -62.4    -64.5    -64.9    -65      -65      -65      -65      -65      -65      -65     
 -57.2    -57.1    -57      -56.9    -56.7    -56.5    -56.6    -57      -58.6    -61.6    -62.4    -64.5    -64.9    -65      -65      -65      -65      -65      -65      -65     
 -57.1    -57      -56.9    -56.8    -56.6    -56.5    -56.5    -57      -58.6    -61.7    -62.4    -64.5    -64.9    -65      -65      -65      -65      -65      -65      -65     
 -57      -56.9    -56.8    -56.7    -56.5    -56.4    -56.5    -57      -58.6    -61.7    -62.4    -64.5    -64.9    -65      -65      -65      -65      -65      -65      -65     
 -56.9    -56.8    -56.7    -56.6    -56.4    -56.3    -56.4    -57      -58.7    -61.7    -62.4    -64.5    -64.9    -65      -65      -65      -65      -65      -65      -65     
 -56.8    -56.7    -56.6    -56.5    -56.4    -56.3    -56.4    -56.9    -58.7    -61.8    -62.4    -64.4    -64.9    -65      -65      -65      -65      -65      -65      -65     
 -56.7    -56.6    -56.5    -56.4    -56.3    -56.2    -56.3    -56.9    -58.7    -61.8    -62.4    -64.4    -64.9    -65      -65      -65      -65      -65      -65      -65     
 -56.6    -56.5    -56.4    -56.3    -56.2    -56.1    -56.3    -56.9    -58.7    -61.9    -62.4    -64.4    -64.9    -65      -65      -65      -65      -65      -65      -65     
 -56.5    -56.4    -56.3    -56.2    -56.1    -56.1    -56.2    -56.9    -58.7    -61.9    -62.4    -64.4    -64.9    -65      -65      -65      -65      -65      -65      -65     
 -56.4    -56.3    -56.2    -56.1    -56      -56      -56.2    -56.9    -58.8    -62      -62.4    -64.4    -64.9    -65      -65      -65      -65      -65      -65      -65     
 -56.3    -56.2    -56.1    -56      -55.9    -55.9    -56.1    -56.9    -58.8    -62      -62.4    -64.4    -64.9    -65      -65      -65      -65      -65      -65      -65     
 -56.2    -56.1    -56      -55.9    -55.9    -55.9    -56.1    -56.8    -58.8    -62      -62.4    -64.4    -64.9    -65      -65      -65      -65      -65      -65      -65     
 -56      -56      -55.9    -55.8    -55.8    -55.8    -56      -56.8    -58.8    -62.1    -62.4    -64.4    -64.9    -65      -65      -65      -65      -65      -65      -65     
 -55.9    -55.9    -55.8    -55.8    -55.7    -55.7    -56      -56.8    -58.9    -62.1    -62.4    -64.4    -64.9    -65      -65      -65      -65      -65      -65      -65     
 -55.8    -55.8    -55.7    -55.7    -55.6    -55.6    -55.9    -56.8    -58.9    -62.2    -62.4    -64.4    -64.9    -65      -65      -65      -65      -65      -65      -65     
 -55.7    -55.7    -55.6    -55.6    -55.5    -55.6    -55.9    -56.8    -58.9    -62.2    -62.4    -64.4    -64.9    -65      -65      -65      -65      -65      -65      -65     
 -55.6    -55.6    -55.5    -55.5    -55.4    -55.5    -55.8    -56.8    -59      -62.3    -62.4    -64.4    -64.9    -65      -65      -65      -65      -65      -65      -65     
 -55.5    -55.5    -55.4    -55.4    -55.3    -55.4    -55.8    -56.8    -59      -62.3    -62.4    -64.4    -64.9    -65      -65      -65      -65      -65      -65      -65     
 -55.4    -55.3    -55.3    -55.3    -55.2    -55.4    -55.7    -56.8    -59      -62.4    -62.4    -64.4    -64.9    -65      -65      -65      -65      -65      -65      -65     
 -55.2    -55.2    -55.2    -55.2    -55.2    -55.3    -55.7    -56.7    -59.1    -62.4    -62.4    -64.4    -64.9    -65      -65      -65      -65      -65      -65      -65     
 -55.1    -55.1    -55.1    -55.1    -55.1    -55.2    -55.7    -56.7    -59.1    -62.5    -62.4    -64.4    -64.9    -65      -65      -65      -65      -65      -65      -65     
 -55      -55      -55      -54.9    -55      -55.1    -55.6    -56.7    -59.1    -62.5    -62.4    -64.4    -64.9    -65      -65      -65      -65      -65      -65      -65     
 -54.9    -54.9    -54.9    -54.8    -54.9    -55.1    -55.6    -56.7    -59.2    -62.6    -62.4    -64.4    -64.9    -65      -65      -65      -65      -65      -65      -65     
 -54.7    -54.7    -54.7    -54.7    -54.8    -55      -55.5    -56.7    -59.2    -62.6    -62.4    -64.4    -64.9    -65      -65      -65      -65      -65      -65      -65     
 -54.6    -54.6    -54.6    -54.6    -54.7    -54.9    -55.5    -56.7    -59.3    -62.7    -62.4    -64.4    -64.9    -65      -65      -65      -65      -65      -65      -65     
 -54.5    -54.5    -54.5    -54.5    -54.6    -54.8    -55.4    -56.7    -59.3    -62.8    -62.5    -64.4    -64.9    -65      -65      -65      -65      -65      -65      -65     
 -54.3    -54.4    -54.4    -54.4    -54.5    -54.8    -55.4    -56.7    -59.4    -62.8    -62.5    -64.4    -64.9    -65      -65      -65      -65      -65      -65      -65     
 -54.2    -54.2    -54.2    -54.3    -54.4    -54.7    -55.3    -56.7    -59.4    -62.9    -62.5    -64.4    -64.9    -65      -65      -65      -65      -65      -65      -65     
 -54      -54.1    -54.1    -54.2    -54.3    -54.6    -55.3    -56.7    -59.4    -62.9    -62.5    -64.4    -64.9    -65      -65      -65      -65      -65      -65      -65     
 -53.9    -53.9    -54      -54      -54.2    -54.5    -55.2    -56.7    -59.5    -63      -62.5    -64.4    -64.9    -65      -65      -65      -65      -65      -65      -65     
 -53.8    -53.8    -53.8    -53.9    -54.1    -54.4    -55.2    -56.7    -59.5    -63      -62.5    -64.4    -64.9    -65      -65      -65      -65      -65      -65      -65     
 -53.6    -53.6    -53.7    -53.8    -54      -54.3    -55.1    -56.7    -59.6    -63.1    -62.5    -64.4    -64.9    -65      -65      -65      -65      -65      -65      -65     
 -53.4    -53.5    -53.6    -53.7    -53.9    -54.3    -55.1    -56.7    -59.6    -63.2    -62.5    -64.4    -64.9    -65      -65      -65      -65      -65      -65      -65     
 -53.3    -53.3    -53.4    -53.5    -53.7    -54.2    -55      -56.7    -59.7    -63.2    -62.5    -64.4    -64.9    -65      -65      -65      -65      -65      -65      -65     
 -53.1    -53.2    -53.3    -53.4    -53.6    -54.1    -55      -56.7    -59.7    -63.3    -62.5    -64.4    -64.9    -65      -65      -65      -65      -65      -65      -65     
 -52.9    -53      -53.1    -53.2    -53.5    -54      -54.9    -56.7    -59.8    -63.3    -62.6    -64.4    -64.9    -65      -65      -65      -65      -65      -65      -65     
 -52.8    -52.8    -52.9    -53.1    -53.4    -53.9    -54.9    -56.7    -59.8    -63.4    -62.6    -64.4    -64.9    -65      -65      -65      -65      -65      -65      -65     
 -52.6    -52.7    -52.8    -52.9    -53.2    -53.8    -54.8    -56.7    -59.9    -63.5    -62.6    -64.4    -64.9    -65      -65      -65      -65      -65      -65      -65     
 -52.4    -52.5    -52.6    -52.8    -53.1    -53.7    -54.8    -56.7    -60      -63.5    -62.6    -64.4    -64.9    -65      -65      -65      -65      -65      -65      -65     
 -52.2    -52.3    -52.4    -52.6    -53      -53.6    -54.7    -56.7    -60      -63.6    -62.6    -64.4    -64.9    -65      -65      -65      -65      -65      -65      -65     
 -52      -52.1    -52.2    -52.5    -52.8    -53.5    -54.6    -56.7    -60.1    -63.6    -62.6    -64.4    -64.9    -65      -65      -65      -65      -65      -65      -65     
 -51.8    -51.9    -52.1    -52.3    -52.7    -53.4    -54.6    -56.7    -60.1    -63.7    -62.6    -64.4    -64.9    -65      -65      -65      -65      -65      -65      -65     
 -51.6    -51.7    -51.9    -52.1    -52.6    -53.3    -54.5    -56.7    -60.2    -63.8    -62.7    -64.4    -64.9    -65      -65      -65      -65      -65      -65      -65     
 -51.3    -51.5    -51.7    -51.9    -52.4    -53.2    -54.5    -56.7    -60.3    -63.8    -62.7    -64.4    -64.9    -65      -65      -65      -65      -65      -65      -65     
 -51.1    -51.2    -51.5    -51.8    -52.2    -53      -54.4    -56.7    -60.3    -63.9    -62.7    -64.4    -64.9    -65      -65      -65      -65      -65      -65      -65     
 -50.8    -51      -51.2    -51.6    -52.1    -52.9    -54.3    -56.7    -60.4    -64      -62.7    -64.4    -64.9    -65      -65      -65      -65      -65      -65      -65     
 -50.6    -50.8    -51      -51.4    -51.9    -52.8    -54.3    -56.7    -60.4    -64      -62.7    -64.4    -64.9    -65      -65      -65      -65      -65      -65      -65     
 -50.3    -50.5    -50.8    -51.1    -51.7    -52.7    -54.2    -56.7    -60.5    -64.1    -62.7    -64.4    -64.9    -65      -65      -65      -65      -65      -65      -65     
 -50      -50.2    -50.5    -50.9    -51.5    -52.5    -54.1    -56.7    -60.6    -64.2    -62.7    -64.4    -64.9    -65      -65      -65      -65      -65      -65      -65     
 -49.7    -50      -50.3    -50.7    -51.4    -52.4    -54.1    -56.7    -60.6    -64.2    -62.8    -64.4    -64.9    -65      -65      -65      -65      -65      -65      -65     
 -49.4    -49.7    -50      -50.5    -51.2    -52.3    -54      -56.7    -60.7    -64.3    -62.8    -64.4    -64.9    -65      -65      -65      -65      -65      -65      -65     
 -49.1    -49.3    -49.7    -50.2    -50.9    -52.1    -53.9    -56.7    -60.8    -64.4    -62.8    -64.4    -64.9    -65      -65      -65      -65      -65      -65      -65     
 -48.7    -49      -49.4    -49.9    -50.7    -51.9    -53.8    -56.8    -60.9    -64.4    -62.8    -64.4    -64.9    -65      -65      -65      -65      -65      -65      -65     
 -48.4    -48.7    -49.1    -49.7    -50.5    -51.8    -53.8    -56.8    -60.9    -64.5    -62.8    -64.4    -64.9    -65      -65      -65      -65      -65      -65      -65     
 -48      -48.3    -48.7    -49.4    -50.3    -51.6    -53.7    -56.8    -61      -64.6    -62.8    -64.4    -64.9    -65      -65      -65      -65      -65      -65      -65     
 -47.6    -47.9    -48.4    -49      -50      -51.4    -53.6    -56.8    -61.1    -64.6    -62.9    -64.4    -64.9    -65      -65      -65      -65      -65      -65      -65     
 -47.1    -47.5    -48      -48.7    -49.7    -51.2    -53.5    -56.8    -61.2    -64.7    -62.9    -64.4    -64.9    -65      -65      -65      -65      -65      -65      -65     
 -46.7    -47.1    -47.6    -48.4    -49.5    -51.1    -53.4    -56.8    -61.2    -64.8    -62.9    -64.4    -64.9    -65      -65      -65      -65      -65      -65      -65     
 -46.2    -46.6    -47.2    -48      -49.2    -50.8    -53.3    -56.8    -61.3    -64.8    -62.9    -64.5    -64.9    -65      -65      -65      -65      -65      -65      -65     
 -45.6    -46.1    -46.7    -47.6    -48.9    -50.6    -53.2    -56.8    -61.4    -64.9    -62.9    -64.5    -64.9    -65      -65      -65      -65      -65      -65      -65     
 -45.1    -45.6    -46.2    -47.2    -48.5    -50.4    -53.1    -56.8    -61.5    -65      -63      -64.5    -64.9    -65      -65      -65      -65      -65      -65      -65     
 -44.4    -45      -45.7    -46.7    -48.2    -50.2    -53      -56.8    -61.5    -65      -63      -64.5    -64.9    -65      -65      -65      -65      -65      -65      -65     
 -43.8    -44.4    -45.2    -46.3    -47.8    -49.9    -52.9    -56.8    -61.6    -65.1    -63      -64.5    -64.9    -65      -65      -65      -65      -65      -65      -65     
 -43.1    -43.7    -44.6    -45.8    -47.4    -49.6    -52.7    -56.9    -61.7    -65.2    -63      -64.5    -64.9    -65      -65      -65      -65      -65      -65      -65     
 -42.3    -43      -43.9    -45.2    -47      -49.4    -52.6    -56.9    -61.8    -65.2    -63      -64.5    -64.9    -65      -65      -65      -65      -65      -65      -65     
 -41.5    -42.2    -43.2    -44.6    -46.5    -49      -52.5    -56.9    -61.9    -65.3    -63.1    -64.5    -64.9    -65      -65      -65      -65      -65      -65      -65     
 -40.5    -41.4    -42.5    -44      -46      -48.7    -52.3    -56.9    -62      -65.4    -63.1    -64.5    -64.9    -65      -65      -65      -65      -65      -65      -65     
 -39.5    -40.4    -41.7    -43.3    -45.5    -48.4    -52.2    -56.9    -62      -65.4    -63.1    -64.5    -64.9    -65      -65      -65      -65      -65      -65      -65     
 -38.4    -39.4    -40.8    -42.6    -44.9    -48      -52      -56.9    -62.1    -65.5    -63.1    -64.5    -64.9    -65      -65      -65      -65      -65      -65      -65     
 -37.3    -38.3    -39.8    -41.8    -44.3    -47.6    -51.8    -56.9    -62.2    -65.6    -63.1    -64.5    -64.9    -65      -65      -65      -65      -65      -65      -65     
 -35.9    -37.1    -38.7    -40.9    -43.6    -47.2    -51.7    -56.9    -62.3    -65.7    -63.2    -64.5    -64.9    -65      -65      -65      -65      -65      -65      -65     
 -34.5    -35.8    -37.6    -39.9    -42.9    -46.8    -51.5    -56.9    -62.4    -65.7    -63.2    -64.5    -64.9    -65      -65      -65      -65      -65      -65      -65     
 -32.9    -34.3    -36.3    -38.9    -42.1    -46.3    -51.3    -57      -62.5    -65.8    -63.2    -64.5    -64.9    -65      -65      -65      -65      -65      -65      -65     
 -31.1    -32.7    -34.9    -37.7    -41.3    -45.7    -51.1    -57      -62.6    -65.9    -63.2    -64.5    -64.9    -65      -65      -65      -65      -65      -65      -65     
 -29.2    -30.9    -33.3    -36.4    -40.3    -45.2    -50.8    -57      -62.7    -65.9    -63.3    -64.5    -64.9    -65      -65      -65      -65      -65      -65      -65     
 -27      -29      -31.6    -35      -39.3    -44.6    -50.6    -57      -62.8    -66      -63.3    -64.5    -64.9    -65      -65      -65      -65      -65      -65      -65     
 -24.6    -26.8    -29.7    -33.5    -38.2    -43.9    -50.3    -57      -62.8    -66.1    -63.3    -64.5    -64.9    -65      -65      -65      -65      -65      -65      -65     
 -22      -24.3    -27.6    -31.7    -36.9    -43.2    -50.1    -57      -62.9    -66.1    -63.3    -64.5    -64.9    -65      -65      -65      -65      -65      -65      -65     
 -19      -21.7    -25.2    -29.8    -35.6    -42.4    -49.8    -57      -63      -66.2    -63.4    -64.5    -64.9    -65      -65      -65      -65      -65      -65      -65     
 -15.9    -18.7    -22.6    -27.7    -34.1    -41.5    -49.4    -57      -63.1    -66.3    -63.4    -64.5    -64.9    -65      -65      -65      -65      -65      -65      -65     
 -12.4    -15.5    -19.7    -25.4    -32.4    -40.5    -49.1    -57      -63.2    -66.3    -63.4    -64.5    -64.9    -65      -65      -65      -65      -65      -65      -65     
 -8.7     -12      -16.6    -22.8    -30.5    -39.5    -48.7    -57      -63.3    -66.4    -63.4    -64.5    -64.9    -65      -65      -65      -65      -65      -65      -65     
 -4.77    -8.23    -13.2    -19.9    -28.4    -38.3    -48.3    -57      -63.4    -66.5    -63.4    -64.5    -64.9    -65      -65      -65      -65      -65      -65      -65     
 -0.673   -4.26    -9.52    -16.8    -26.1    -37      -47.9    -57      -63.5    -66.5    -63.5    -64.5    -64.9    -65      -65      -65      -65      -65      -65      -65     
 3.5      -0.139   -5.62    -13.3    -23.5    -35.6    -47.4    -57      -63.6    -66.6    -63.5    -64.5    -64.9    -65      -65      -65      -65      -65      -65      -65     
 7.65     4.05     -1.53    -9.65    -20.7    -34      -46.9    -57      -63.7    -66.7    -63.5    -64.5    -64.9    -65      -65      -65      -65      -65      -65      -65     
 11.7     8.21     2.64     -5.73    -17.6    -32.3    -46.4    -57      -63.8    -66.7    -63.5    -64.5    -64.9    -65      -65      -65      -65      -65      -65      -65     
 15.5     12.2     6.82     -1.64    -14.2    -30.3    -45.7    -57      -63.9    -66.8    -63.6    -64.5    -64.9    -65      -65      -65      -65      -65      -65      -65     
 18.9     16       10.9     2.55     -10.5    -28.1    -45.1    -57      -64      -66.9    -63.6    -64.5    -64.9    -65      -65      -65      -65      -65      -65      -65     
 22       19.4     14.7     6.73     -6.62    -25.6    -44.3    -57      -64.1    -66.9    -63.6    -64.5    -64.9    -65      -65      -65      -65      -65      -65      -65     
 24.6     22.4     18.2     10.8     -2.51    -22.9    -43.5    -57      -64.2    -67      -63.7    -64.6    -64.9    -65      -65      -65      -65      -65      -65      -65     
 26.7     24.9     21.4     14.6     1.72     -19.9    -42.6    -57      -64.3    -67.1    -63.7    -64.6    -64.9    -65      -65      -65      -65      -65      -65      -65     
 28.4     27       24       18.2     5.96     -16.6    -41.6    -57      -64.4    -67.1    -63.7    -64.6    -64.9    -65      -65      -65      -65      -65      -65      -65     
 29.7     28.6     26.3     21.3     10.1     -13      -40.5    -56.9    -64.5    -67.2    -63.7    -64.6    -64.9    -65      -65      -65      -65      -65      -65      -65     
 30.6     29.8     28       23.9     14       -9.13    -39.3    -56.9    -64.6    -67.3    -63.8    -64.6    -64.9    -65      -65      -65      -65      -65      -65      -65     
 31.1     30.7     29.4     26.1     17.6     -5.01    -37.9    -56.9    -64.7    -67.3    -63.8    -64.6    -64.9    -65      -65      -65      -65      -65      -65      -65     
 31.4     31.2     30.3     27.9     20.8     -0.728   -36.4    -56.9    -64.8    -67.4    -63.8    -64.6    -64.9    -65      -65      -65      -65      -65      -65      -65     
 31.4     31.4     30.9     29.2     23.5     3.62     -34.7    -56.8    -64.9    -67.5    -63.8    -64.6    -65      -65      -65      -65      -65      -65      -65      -65     
 31.2     31.4     31.2     30.1     25.8     7.93     -32.8    -56.8    -65      -67.5    -63.9    -64.6    -65      -65      -65      -65      -65      -65      -65      -65     
 30.8     31.1     31.2     30.7     27.6     12.1     -30.7    -56.7    -65.1    -67.6    -63.9    -64.6    -65      -65      -65      -65      -65      -65      -65      -65     
 30.3     30.7     31       31       28.9     15.9     -28.4    -56.7    -65.2    -67.7    -63.9    -64.6    -65      -65      -65      -65      -65      -65      -65      -65     
 29.6     30.1     30.7     31       29.9     19.3     -25.8    -56.6    -65.3    -67.7    -63.9    -64.6    -65      -65      -65      -65      -65      -65      -65      -65     
 28.8     29.4     30.1     30.8     30.4     22.3     -22.9    -56.5    -65.4    -67.8    -64      -64.6    -65      -65      -65      -65      -65      -65      -65      -65     
 27.9     28.6     29.5     30.4     30.7     24.8     -19.8    -56.5    -65.5    -67.8    -64      -64.6    -65      -65      -65      -65      -65      -65      -65      -65     
 27       27.8     28.7     29.8     30.7     26.8     -16.4    -56.4    -65.6    -67.9    -64      -64.6    -65      -65      -65      -65      -65      -65      -65      -65     
 26       26.8     27.8     29.1     30.5     28.3     -12.7    -56.3    -65.7    -68      -64.1    -64.6    -65      -65      -65      -65      -65      -65      -65      -65     
 24.9     25.8     26.9     28.3     30.1     29.3     -8.69    -56.2    -65.8    -68      -64.1    -64.6    -65      -65      -65      -65      -65      -65      -65      -65     
 23.8     24.7     25.8     27.4     29.5     30       -4.51    -56      -65.9    -68.1    -64.1    -64.6    -65      -65      -65      -65      -65      -65      -65      -65     
 22.6     23.5     24.8     26.5     28.8     30.3     -0.214   -55.9    -66      -68.1    -64.1    -64.6    -65      -65      -65      -65      -65      -65      -65      -65     
 21.4     22.4     23.6     25.4     28       30.4     4.12     -55.7    -66.1    -68.2    -64.2    -64.6    -65      -65      -65      -65      -65      -65      -65      -65     
 20.2     21.1     22.5     24.3     27.1     30.2     8.36     -55.5    -66.2    -68.3    -64.2    -64.6    -65      -65      -65      -65      -65      -65      -65      -65     
 18.9     19.9     21.2     23.2     26.1     29.8     12.4     -55.3    -66.3    -68.3    -64.2    -64.6    -65      -65      -65      -65      -65      -65      -65      -65     
 17.6     18.6     20       22       25       29.3     16.1     -55.1    -66.4    -68.4    -64.3    -64.7    -65      -65      -65      -65      -65      -65      -65      -65     
 16.3     17.4     18.8     20.8     23.9     28.6     19.4     -54.8    -66.5    -68.4    -64.3    -64.7    -65      -65      -65      -65      -65      -65      -65      -65     
 15       16.1     17.5     19.6     22.8     27.8     22.2     -54.6    -66.6    -68.5    -64.3    -64.7    -65      -65      -65      -65      -65      -65      -65      -65     
 13.7     14.8     16.2     18.3     21.6     26.9     24.6     -54.2    -66.7    -68.6    -64.3    -64.7    -65      -65      -65      -65      -65      -65      -65      -65     
 12.4     13.4     14.9     17       20.4     25.9     26.4     -53.9    -66.8    -68.6    -64.4    -64.7    -65      -65      -65      -65      -65      -65      -65      -65     
 11.1     12.1     13.6     15.7     19.1     24.9     27.8     -53.5    -66.9    -68.7    -64.4    -64.7    -65      -65      -65      -65      -65      -65      -65      -65     
 9.76     10.8     12.2     14.4     17.9     23.8     28.7     -53      -67      -68.7    -64.4    -64.7    -65      -65      -65      -65      -65      -65      -65      -65     
 8.43     9.47     10.9     13.1     16.6     22.7     29.3     -52.5    -67.1    -68.8    -64.4    -64.7    -65      -65      -65      -65      -65      -65      -65      -65     
 7.11     8.15     9.59     11.8     15.3     21.5     29.5     -52      -67.2    -68.8    -64.5    -64.7    -65      -65      -65      -65      -65      -65      -65      -65     
 5.79     6.82     8.26     10.4     14       20.3     29.5     -51.4    -67.3    -68.9    -64.5    -64.7    -65      -65      -65      -65      -65      -65      -65      -65     
 4.47     5.5      6.93     9.1      12.7     19       29.3     -50.7    -67.4    -68.9    -64.5    -64.7    -65      -65      -65      -65      -65      -65      -65      -65     
 3.16     4.19     5.61     7.77     11.3     17.8     28.9     -50      -67.5    -69      -64.6    -64.7    -65      -65      -65      -65      -65      -65      -65      -65     
 1.86     2.88     4.3      6.45     10       16.5     28.3     -49.2    -67.6    -69.1    -64.6    -64.7    -65      -65      -65      -65      -65      -65      -65      -65     
 0.559    1.58     2.98     5.13     8.67     15.2     27.6     -48.4    -67.7    -69.1    -64.6    -64.7    -65      -65      -65      -65      -65      -65      -65      -65     
 -0.729   0.28     1.68     3.81     7.34     13.9     26.8     -47.4    -67.7    -69.2    -64.6    -64.7    -65      -65      -65      -65      -65      -65      -65      -65     
 -2.01    -1.01    0.383    2.5      6.02     12.6     25.9     -46.4    -67.8    -69.2    -64.7    -64.7    -65      -65      -65      -65      -65      -65      -65      -65     
 -3.28    -2.28    -0.905   1.2      4.7      11.2     24.9     -45.3    -67.9    -69.3    -64.7    -64.7    -65      -65      -65      -65      -65      -65      -65      -65     
 -4.54    -3.55    -2.18    -0.0974  3.38     9.91     23.8     -44.2    -68      -69.3    -64.7    -64.7    -65      -65      -65      -65      -65      -65      -65      -65     
 -5.79    -4.81    -3.45    -1.38    2.07     8.58     22.7     -42.9    -68.1    -69.4    -64.8    -64.7    -65      -65      -65      -65      -65      -65      -65      -65     
 -7.03    -6.06    -4.71    -2.66    0.767    7.25     21.6     -41.5    -68.2    -69.4    -64.8    -64.8    -65      -65      -65      -65      -65      -65      -65      -65     
 -8.26    -7.3     -5.96    -3.93    -0.529   5.92     20.4     -40.1    -68.3    -69.5    -64.8    -64.8    -65      -65.1    -65      -65      -65      -65      -65      -65     
 -9.47    -8.52    -7.2     -5.19    -1.82    4.6      19.2     -38.5    -68.4    -69.5    -64.8    -64.8    -65      -65.1    -65      -65      -65      -65      -65      -65     
 -10.7    -9.74    -8.43    -6.44    -3.09    3.28     17.9     -36.9    -68.5    -69.6    -64.9    -64.8    -65      -65.1    -65      -65      -65      -65      -65      -65     
 -11.9    -10.9    -9.65    -7.68    -4.36    1.97     16.7     -35.1    -68.5    -69.6    -64.9    -64.8    -65      -65.1    -65.1    -65      -65      -65      -65      -65     
 -13.1    -12.1    -10.9    -8.9     -5.62    0.667    15.4     -33.2    -68.6    -69.7    -64.9    -64.8    -65      -65.1    -65.1    -65      -65      -65      -65      -65     
 -14.2    -13.3    -12.1    -10.1    -6.87    -0.631   14.1     -31.2    -68.7    -69.7    -65      -64.8    -65      -65.1    -65.1    -65      -65      -65      -65      -65     
 -15.4    -14.5    -13.2    -11.3    -8.11    -1.92    12.8     -29      -68.8    -69.7    -65      -64.8    -65      -65.1    -65.1    -65      -65      -65      -65      -65     
 -16.6    -15.7    -14.4    -12.5    -9.33    -3.2     11.4     -26.7    -68.9    -69.8    -65      -64.8    -65      -65.1    -65.1    -65      -65      -65      -65      -65     
 -17.7    -16.8    -15.6    -13.7    -10.5    -4.47    10.1     -24.3    -68.9    -69.8    -65      -64.8    -65      -65.1    -65.1    -65      -65      -65      -65      -65     
 -18.8    -18      -16.7    -14.9    -11.8    -5.73    8.79     -21.8    -69      -69.9    -65.1    -64.8    -65      -65.1    -65.1    -65      -65      -65      -65      -65     
 -20      -19.1    -17.9    -16      -13      -6.99    7.47     -19.1    -69.1    -69.9    -65.1    -64.8    -65      -65.1    -65.1    -65      -65      -65      -65      -65     
 -21.1    -20.2    -19      -17.2    -14.1    -8.23    6.14     -16.3    -69.2    -70      -65.1    -64.8    -65      -65.1    -65.1    -65      -65      -65      -65      -65     
 -22.2    -21.3    -20.1    -18.3    -15.3    -9.46    4.82     -13.5    -69.3    -70      -65.2    -64.8    -65      -65.1    -65.1    -65      -65      -65      -65      -65     
 -23.3    -22.4    -21.3    -19.5    -16.5    -10.7    3.5      -10.5    -69.3    -70.1    -65.2    -64.8    -65      -65.1    -65.1    -65      -65      -65      -65      -65     
 -24.4    -23.5    -22.4    -20.6    -17.6    -11.9    2.19     -7.46    -69.4    -70.1    -65.2    -64.8    -65      -65.1    -65.1    -65      -65      -65      -65      -65     
 -25.5    -24.6    -23.5    -21.7    -18.8    -13.1    0.877    -4.4     -69.5    -70.1    -65.2    -64.8    -65      -65.1    -65.1    -65      -65      -65      -65      -65     
 -26.5    -25.7    -24.6    -22.8    -19.9    -14.3    -0.424   -1.36    -69.6    -70.2    -65.3    -64.9    -65      -65.1    -65.1    -65      -65      -65      -65      -65     
 -27.6    -26.8    -25.6    -23.9    -21      -15.5    -1.72    1.65     -69.6    -70.2    -65.3    -64.9    -65      -65.1    -65.1    -65      -65      -65      -65      -65     
 -28.7    -27.9    -26.7    -25      -22.2    -16.6    -3       4.57     -69.7    -70.3    -65.3    -64.9    -65      -65.1    -65.1    -65      -65      -65      -65      -65     
 -29.7    -28.9    -27.8    -26.1    -23.3    -17.8    -4.28    7.38     -69.8    -70.3    -65.3    -64.9    -65      -65.1    -65.1    -65      -65      -65      -65      -65     
 -30.8    -30      -28.9    -27.2    -24.4    -19      -5.55    10       -69.9    -70.4    -65.4    -64.9    -65      -65.1    -65.1    -65      -65      -65      -65      -65     
 -31.9    -31      -29.9    -28.3    -25.5    -20.1    -6.81    12.5     -69.9    -70.4    -65.4    -64.9    -65.1    -65.1    -65.1    -65      -65      -65      -65      -65     
 -32.9    -32.1    -31      -29.4    -26.6    -21.2    -8.06    14.7     -70      -70.4    -65.4    -64.9    -65.1    -65.1    -65.1    -65      -65      -65      -65      -65     
 -34      -33.2    -32.1    -30.4    -27.7    -22.4    -9.3     16.8     -70.1    -70.5    -65.5    -64.9    -65.1    -65.1    -65.1    -65      -65      -65      -65      -65     
 -35      -34.2    -33.1    -31.5    -28.8    -23.5    -10.5    18.5     -70.1    -70.5    -65.5    -64.9    -65.1    -65.1    -65.1    -65      -65      -65      -65      -65     
 -36.1    -35.3    -34.2    -32.6    -29.8    -24.6    -11.7    20.1     -70.2    -70.5    -65.5    -64.9    -65.1    -65.1    -65.1    -65      -65      -65      -65      -65     
 -37.2    -36.4    -35.3    -33.6    -30.9    -25.7    -13      21.4     -70.3    -70.6    -65.5    -64.9    -65.1    -65.1    -65.1    -65      -65      -65      -65      -65     
 -38.3    -37.4    -36.4    -34.7    -32      -26.8    -14.2    22.4     -70.3    -70.6    -65.6    -64.9    -65.1    -65.1    -65.1    -65      -65      -65      -65      -65     
 -39.3    -38.5    -37.4    -35.8    -33.1    -27.9    -15.4    23.2     -70.4    -70.7    -65.6    -64.9    -65.1    -65.1    -65.1    -65      -65      -65      -65      -65     
 -40.4    -39.6    -38.5    -36.9    -34.2    -29      -16.5    23.8     -70.5    -70.7    -65.6    -64.9    -65.1    -65.1    -65.1    -65      -65      -65      -65      -65     
 -41.5    -40.7    -39.6    -38      -35.3    -30.1    -17.7    24.1     -70.5    -70.7    -65.6    -64.9    -65.1    -65.1    -65.1    -65      -65      -65      -65      -65     
 -42.7    -41.8    -40.7    -39.1    -36.4    -31.2    -18.9    24.3     -70.6    -70.8    -65.7    -64.9    -65.1    -65.1    -65.1    -65      -65      -65      -65      -65     
 -43.8    -43      -41.9    -40.2    -37.5    -32.3    -20      24.2     -70.6    -70.8    -65.7    -64.9    -65.1    -65.1    -65.1    -65      -65      -65      -65      -65     
 -44.9    -44.1    -43      -41.3    -38.6    -33.4    -21.2    24       -70.7    -70.8    -65.7    -65      -65.1    -65.1    -65.1    -65      -65      -65      -65      -65     
 -46.1    -45.3    -44.1    -42.5    -39.7    -34.5    -22.3    23.7     -70.8    -70.9    -65.7    -65      -65.1    -65.1    -65.1    -65      -65      -65      -65      -65     
 -47.3    -46.5    -45.3    -43.6    -40.8    -35.6    -23.5    23.2     -70.8    -70.9    -65.8    -65      -65.1    -65.1    -65.1    -65      -65      -65      -65      -65     
 -48.5    -47.6    -46.5    -44.8    -42      -36.8    -24.6    22.6     -70.9    -70.9    -65.8    -65      -65.1    -65.1    -65.1    -65.1    -65      -65      -65      -65     
 -49.7    -48.9    -47.7    -46      -43.2    -37.9    -25.7    21.8     -70.9    -71      -65.8    -65      -65.1    -65.1    -65.1    -65.1    -65      -65      -65      -65     
 -51      -50.1    -48.9    -47.2    -44.4    -39      -26.9    21       -71      -71      -65.8    -65      -65.1    -65.1    -65.1    -65.1    -65      -65      -65      -65     
 -52.2    -51.3    -50.2    -48.4    -45.6    -40.2    -28      20.1     -71      -71      -65.9    -65      -65.1    -65.1    -65.1    -65.1    -65      -65      -65      -65     
 -53.5    -52.6    -51.4    -49.7    -46.8    -41.3    -29.1    19.1     -71.1    -71.1    -65.9    -65      -65.1    -65.1    -65.1    -65.1    -65      -65      -65      -65     
 -54.7    -53.9    -52.7    -51      -48      -42.5    -30.2    18.1     -71.2    -71.1    -65.9    -65      -65.1    -65.1    -65.1    -65.1    -65      -65      -65      -65     
 -56      -55.2    -54      -52.3    -49.3    -43.7    -31.3    17       -71.2    -71.1    -65.9    -65      -65.1    -65.1    -65.1    -65.1    -65      -65      -65      -65     
 -57.3    -56.5    -55.3    -53.6    -50.6    -45      -32.5    15.9     -71.3    -71.2    -66      -65      -65.1    -65.1    -65.1    -65.1    -65      -65      -65      -65     
 -58.6    -57.8    -56.6    -54.9    -51.9    -46.2    -33.6    14.7     -71.3    -71.2    -66      -65      -65.1    -65.1    -65.1    -65.1    -65      -65      -65      -65     
 -59.8    -59      -57.9    -56.2    -53.3    -47.5    -34.7    13.5     -71.4    -71.2    -66      -65      -65.1    -65.1    -65.1    -65.1    -65      -65      -65      -65     
 -61.1    -60.3    -59.2    -57.5    -54.6    -48.8    -35.9    12.3     -71.4    -71.3    -66      -65      -65.1    -65.1    -65.1    -65.1    -65      -65      -65      -65     
 -62.3    -61.5    -60.5    -58.9    -55.9    -50.1    -37      11       -71.5    -71.3    -66.1    -65      -65.1    -65.1    -65.1    -65.1    -65      -65      -65      -65     
 -63.5    -62.8    -61.8    -60.2    -57.3    -51.5    -38.2    9.78     -71.5    -71.3    -66.1    -65      -65.1    -65.1    -65.1    -65.1    -65      -65      -65      -65     
 -64.6    -63.9    -63      -61.5    -58.6    -52.8    -39.4    8.52     -71.6    -71.3    -66.1    -65.1    -65.1    -65.1    -65.1    -65.1    -65      -65      -65      -65     
 -65.7    -65      -64.2    -62.7    -60      -54.2    -40.6    7.24     -71.6    -71.4    -66.1    -65.1    -65.1    -65.1    -65.1    -65.1    -65      -65      -65      -65     
 -66.7    -66.1    -65.3    -63.9    -61.3    -55.6    -41.8    5.96     -71.7    -71.4    -66.2    -65.1    -65.1    -65.1    -65.1    -65.1    -65      -65      -65      -65     
 -67.6    -67.1    -66.3    -65.1    -62.6    -57      -43      4.67     -71.7    -71.4    -66.2    -65.1    -65.1    -65.1    -65.1    -65.1    -65      -65      -65      -65     
 -68.5    -68      -67.3    -66.2    -63.8    -58.3    -44.3    3.38     -71.7    -71.5    -66.2    -65.1    -65.1    -65.1    -65.1    -65.1    -65      -65      -65      -65     
 -69.3    -68.9    -68.3    -67.2    -65      -59.7    -45.6    2.09     -71.8    -71.5    -66.2    -65.1    -65.1    -65.1    -65.1    -65.1    -65      -65      -65      -65     
 -70.1    -69.7    -69.1    -68.1    -66.1    -61      -46.9    0.806    -71.8    -71.5    -66.3    -65.1    -65.1    -65.1    -65.1    -65.1    -65      -65      -65      -65     
 -70.8    -70.4    -69.9    -69      -67.2    -62.4    -48.2    -0.478   -71.9    -71.5    -66.3    -65.1    -65.1    -65.1    -65.1    -65.1    -65      -65      -65      -65     
 -71.4    -71.1    -70.6    -69.9    -68.1    -63.6    -49.6    -1.76    -71.9    -71.6    -66.3    -65.1    -65.1    -65.1    -65.1    -65.1    -65      -65      -65      -65     
 -72      -71.7    -71.3    -70.6    -69.1    -64.8    -50.9    -3.03    -72      -71.6    -66.3    -65.1    -65.1    -65.1    -65.1    -65.1    -65      -65      -65      -65     
 -72.5    -72.2    -71.9    -71.3    -69.9    -66      -52.3    -4.3     -72      -71.6    -66.3    -65.1    -65.1    -65.1    -65.1    -65.1    -65      -65      -65      -65     
 -72.9    -72.7    -72.4    -71.9    -70.7    -67.1    -53.7    -5.57    -72      -71.6    -66.4    -65.1    -65.1    -65.1    -65.1    -65.1    -65      -65      -65      -65     
 -73.3    -73.1    -72.9    -72.4    -71.3    -68.1    -55.1    -6.82    -72.1    -71.7    -66.4    -65.1    -65.1    -65.1    -65.1    -65.1    -65      -65      -65      -65     
 -73.7    -73.5    -73.3    -72.9    -72      -69      -56.5    -8.07    -72.1    -71.7    -66.4    -65.1    -65.1    -65.1    -65.1    -65.1    -65      -65      -65      -65     
 -74      -73.9    -73.7    -73.3    -72.5    -69.9    -57.9    -9.32    -72.2    -71.7    -66.4    -65.1    -65.1    -65.1    -65.1    -65.1    -65      -65      -65      -65     
 -74.3    -74.2    -74      -73.7    -73      -70.7    -59.3    -10.6    -72.2    -71.7    -66.4    -65.1    -65.1    -65.1    -65.1    -65.1    -65      -65      -65      -65     
 -74.6    -74.5    -74.3    -74.1    -73.5    -71.4    -60.7    -11.8    -72.2    -71.8    -66.5    -65.2    -65.1    -65.1    -65.1    -65.1    -65      -65      -65      -65     
 -74.8    -74.7    -74.6    -74.4    -73.9    -72      -62      -13      -72.3    -71.8    -66.5    -65.2    -65.1    -65.1    -65.1    -65.1    -65      -65      -65      -65     
 -75      -74.9    -74.8    -74.7    -74.2    -72.6    -63.3    -14.2    -72.3    -71.8    -66.5    -65.2    -65.1    -65.1    -65.1    -65.1    -65      -65      -65      -65     
 -75.2    -75.1    -75      -74.9    -74.5    -73.1    -64.5    -15.4    -72.3    -71.8    -66.5    -65.2    -65.1    -65.1    -65.1    -65.1    -65      -65      -65      -65     
 -75.3    -75.3    -75.2    -75.1    -74.8    -73.6    -65.7    -16.6    -72.4    -71.8    -66.6    -65.2    -65.1    -65.1    -65.1    -65.1    -65      -65      -65      -65     
 -75.5    -75.4    -75.4    -75.3    -75      -74      -66.8    -17.8    -72.4    -71.9    -66.6    -65.2    -65.2    -65.1    -65.1    -65.1    -65      -65      -65      -65     
 -75.6    -75.6    -75.5    -75.5    -75.3    -74.3    -67.8    -19      -72.5    -71.9    -66.6    -65.2    -65.2    -65.1    -65.1    -65.1    -65      -65      -65      -65     
 -75.7    -75.7    -75.7    -75.6    -75.5    -74.6    -68.8    -20.2    -72.5    -71.9    -66.6    -65.2    -65.2    -65.1    -65.1    -65.1    -65      -65      -65      -65     
 -75.8    -75.8    -75.8    -75.8    -75.6    -74.9    -69.7    -21.3    -72.5    -71.9    -66.6    -65.2    -65.2    -65.1    -65.1    -65.1    -65      -65      -65      -65     
 -75.9    -75.9    -75.9    -75.9    -75.8    -75.2    -70.5    -22.5    -72.6    -72      -66.7    -65.2    -65.2    -65.1    -65.1    -65.1    -65      -65      -65      -65     
 -76      -76      -76      -76      -75.9    -75.4    -71.2    -23.7    -72.6    -72      -66.7    -65.2    -65.2    -65.1    -65.1    -65.1    -65      -65      -65      -65     
 -76.1    -76.1    -76.1    -76.1    -76      -75.6    -71.9    -24.8    -72.6    -72      -66.7    -65.2    -65.2    -65.1    -65.1    -65.1    -65      -65      -65      -65     
 -76.2    -76.1    -76.2    -76.2    -76.1    -75.8    -72.5    -26      -72.6    -72      -66.7    -65.2    -65.2    -65.1    -65.1    -65.1    -65      -65      -65      -65     
 -76.2    -76.2    -76.2    -76.3    -76.2    -76      -73      -27.2    -72.7    -72      -66.7    -65.2    -65.2    -65.1    -65.1    -65.1    -65      -65      -65      -65     
 -76.3    -76.3    -76.3    -76.3    -76.3    -76.1    -73.5    -28.3    -72.7    -72      -66.7    -65.2    -65.2    -65.1    -65.1    -65.1    -65      -65      -65      -65     
 -76.3    -76.3    -76.3    -76.4    -76.4    -76.2    -74      -29.5    -72.7    -72.1    -66.8    -65.2    -65.2    -65.1    -65.1    -65.1    -65      -65      -65      -65     
 -76.4    -76.4    -76.4    -76.4    -76.5    -76.3    -74.3    -30.7    -72.8    -72.1    -66.8    -65.3    -65.2    -65.1    -65.1    -65.1    -65      -65      -65      -65     
 -76.4    -76.4    -76.4    -76.5    -76.5    -76.4    -74.7    -31.8    -72.8    -72.1    -66.8    -65.3    -65.2    -65.1    -65.1    -65.1    -65      -65      -65      -65     
 -76.4    -76.4    -76.5    -76.5    -76.6    -76.5    -75      -33      -72.8    -72.1    -66.8    -65.3    -65.2    -65.1    -65.1    -65.1    -65      -65      -65      -65     
 -76.5    -76.5    -76.5    -76.6    -76.6    -76.6    -75.3    -34.2    -72.9    -72.1    -66.8    -65.3    -65.2    -65.1    -65.1    -65.1    -65      -65      -65      -65     
 -76.5    -76.5    -76.5    -76.6    -76.7    -76.7    -75.5    -35.4    -72.9    -72.2    -66.9    -65.3    -65.2    -65.1    -65.1    -65.1    -65      -65      -65      -65     
 -76.5    -76.5    -76.6    -76.6    -76.7    -76.7    -75.7    -36.6    -72.9    -72.2    -66.9    -65.3    -65.2    -65.1    -65.1    -65.1    -65      -65      -65      -65     
 -76.6    -76.5    -76.6    -76.7    -76.8    -76.8    -75.9    -37.8    -72.9    -72.2    -66.9    -65.3    -65.2    -65.1    -65.1    -65.1    -65      -65      -65      -65     
 -76.6    -76.6    -76.6    -76.7    -76.8    -76.8    -76.1    -39      -73      -72.2    -66.9    -65.3    -65.2    -65.1    -65.1    -65.1    -65      -65      -65      -65     
 -76.6    -76.6    -76.6    -76.7    -76.8    -76.9    -76.2    -40.2    -73      -72.2    -66.9    -65.3    -65.2    -65.1    -65.1    -65.1    -65      -65      -65      -65     
 -76.6    -76.6    -76.7    -76.7    -76.9    -76.9    -76.4    -41.4    -73      -72.2    -66.9    -65.3    -65.2    -65.1    -65.1    -65.1    -65      -65      -65      -65     
 -76.6    -76.6    -76.7    -76.8    -76.9    -77      -76.5    -42.7    -73      -72.3    -67      -65.3    -65.2    -65.1    -65.1    -65.1    -65      -65      -65      -65     
 -76.6    -76.6    -76.7    -76.8    -76.9    -77      -76.6    -43.9    -73.1    -72.3    -67      -65.3    -65.2    -65.1    -65.1    -65.1    -65      -65      -65      -65     
 -76.7    -76.7    -76.7    -76.8    -76.9    -77      -76.7    -45.2    -73.1    -72.3    -67      -65.3    -65.2    -65.1    -65.1    -65.1    -65      -65      -65      -65     
 -76.7    -76.7    -76.7    -76.8    -76.9    -77.1    -76.8    -46.5    -73.1    -72.3    -67      -65.3    -65.2    -65.1    -65.1    -65.1    -65      -65      -65      -65     
 -76.7    -76.7    -76.7    -76.8    -77      -77.1    -76.9    -47.8    -73.1    -72.3    -67      -65.3    -65.2    -65.1    -65.1    -65.1    -65      -65      -65      -65     
 -76.7    -76.7    -76.7    -76.8    -77      -77.1    -76.9    -49      -73.2    -72.3    -67      -65.3    -65.2    -65.2    -65.1    -65.1    -65      -65      -65      -65     
 -76.7    -76.7    -76.7    -76.8    -77      -77.1    -77      -50.3    -73.2    -72.4    -67.1    -65.3    -65.2    -65.2    -65.1    -65.1    -65      -65      -65      -65     
 -76.7    -76.7    -76.8    -76.9    -77      -77.2    -77.1    -51.6    -73.2    -72.4    -67.1    -65.4    -65.2    -65.2    -65.1    -65.1    -65      -65      -65      -65     
 -76.7    -76.7    -76.8    -76.9    -77      -77.2    -77.1    -52.9    -73.2    -72.4    -67.1    -65.4    -65.2    -65.2    -65.1    -65.1    -65      -65      -65      -65     
 -76.7    -76.7    -76.8    -76.9    -77      -77.2    -77.2    -54.2    -73.2    -72.4    -67.1    -65.4    -65.2    -65.2    -65.1    -65.1    -65      -65      -65      -65     
 -76.7    -76.7    -76.8    -76.9    -77      -77.2    -77.2    -55.4    -73.3    -72.4    -67.1    -65.4    -65.2    -65.2    -65.1    -65.1    -65      -65      -65      -65     
 -76.7    -76.7    -76.8    -76.9    -77      -77.2    -77.2    -56.6    -73.3    -72.4    -67.1    -65.4    -65.2    -65.2    -65.1    -65.1    -65      -65      -65      -65     
 -76.7    -76.7    -76.8    -76.9    -77      -77.2    -77.3    -57.8    -73.3    -72.4    -67.1    -65.4    -65.2    -65.2    -65.1    -65.1    -65      -65      -65      -65     
 -76.7    -76.7    -76.8    -76.9    -77      -77.2    -77.3    -59      -73.3    -72.4    -67.2    -65.4    -65.2    -65.2    -65.1    -65.1    -65      -65      -65      -65     
 -76.7    -76.7    -76.8    -76.9    -77      -77.2    -77.3    -60.2    -73.3    -72.5    -67.2    -65.4    -65.2    -65.2    -65.1    -65.1    -65      -65      -65      -65     
 -76.7    -76.7    -76.8    -76.9    -77.1    -77.2    -77.4    -61.3    -73.4    -72.5    -67.2    -65.4    -65.2    -65.2    -65.1    -65.1    -65.1    -65      -65      -65     
 -76.7    -76.7    -76.8    -76.9    -77.1    -77.3    -77.4    -62.4    -73.4    -72.5    -67.2    -65.4    -65.2    -65.2    -65.1    -65.1    -65.1    -65      -65      -65     
 -76.7    -76.7    -76.8    -76.9    -77.1    -77.3    -77.4    -63.4    -73.4    -72.5    -67.2    -65.4    -65.2    -65.2    -65.1    -65.1    -65.1    -65      -65      -65     
 -76.7    -76.7    -76.8    -76.9    -77.1    -77.3    -77.4    -64.4    -73.4    -72.5    -67.2    -65.4    -65.2    -65.2    -65.1    -65.1    -65.1    -65      -65      -65     
 -76.7    -76.7    -76.8    -76.9    -77.1    -77.3    -77.4    -65.4    -73.4    -72.5    -67.2    -65.4    -65.2    -65.2    -65.1    -65.1    -65.1    -65      -65      -65     
 -76.7    -76.7    -76.8    -76.9    -77.1    -77.3    -77.5    -66.3    -73.4    -72.5    -67.3    -65.4    -65.2    -65.2    -65.1    -65.1    -65.1    -65      -65      -65     
 -76.7    -76.7    -76.8    -76.9    -77.1    -77.3    -77.5    -67.1    -73.5    -72.5    -67.3    -65.4    -65.2    -65.2    -65.1    -65.1    -65.1    -65      -65      -65     
 -76.7    -76.7    -76.8    -76.9    -77.1    -77.3    -77.5    -68      -73.5    -72.6    -67.3    -65.4    -65.2    -65.2    -65.1    -65.1    -65.1    -65      -65      -65     
 -76.7    -76.7    -76.8    -76.9    -77.1    -77.3    -77.5    -68.7    -73.5    -72.6    -67.3    -65.4    -65.2    -65.2    -65.1    -65.1    -65.1    -65      -65      -65     
 -76.7    -76.7    -76.8    -76.9    -77.1    -77.3    -77.5    -69.4    -73.5    -72.6    -67.3    -65.4    -65.2    -65.2    -65.1    -65.1    -65.1    -65      -65      -65     
 -76.7    -76.7    -76.8    -76.9    -77.1    -77.3    -77.5    -70.1    -73.5    -72.6    -67.3    -65.4    -65.2    -65.2    -65.1    -65.1    -65.1    -65      -65      -65     
 -76.7    -76.7    -76.8    -76.9    -77.1    -77.3    -77.5    -70.8    -73.5    -72.6    -67.3    -65.5    -65.2    -65.2    -65.1    -65.1    -65.1    -65      -65      -65     
 -76.7    -76.7    -76.8    -76.9    -77.1    -77.3    -77.5    -71.3    -73.6    -72.6    -67.3    -65.5    -65.2    -65.2    -65.1    -65.1    -65.1    -65      -65      -65     
 -76.7    -76.7    -76.8    -76.9    -77.1    -77.3    -77.5    -71.9    -73.6    -72.6    -67.4    -65.5    -65.2    -65.2    -65.1    -65.1    -65.1    -65      -65      -65     
 -76.7    -76.7    -76.8    -76.9    -77.1    -77.3    -77.5    -72.4    -73.6    -72.6    -67.4    -65.5    -65.2    -65.2    -65.1    -65.1    -65.1    -65      -65      -65     
 -76.7    -76.7    -76.8    -76.9    -77.1    -77.3    -77.5    -72.9    -73.6    -72.6    -67.4    -65.5    -65.3    -65.2    -65.1    -65.1    -65.1    -65      -65      -65     
 -76.7    -76.7    -76.8    -76.9    -77.1    -77.3    -77.5    -73.3    -73.6    -72.7    -67.4    -65.5    -65.3    -65.2    -65.1    -65.1    -65.1    -65      -65      -65     
 -76.7    -76.7    -76.8    -76.9    -77.1    -77.3    -77.5    -73.7    -73.6    -72.7    -67.4    -65.5    -65.3    -65.2    -65.1    -65.1    -65.1    -65      -65      -65     
 -76.7    -76.7    -76.8    -76.9    -77.1    -77.3    -77.5    -74.1    -73.6    -72.7    -67.4    -65.5    -65.3    -65.2    -65.1    -65.1    -65.1    -65      -65      -65     
 -76.7    -76.7    -76.8    -76.9    -77.1    -77.3    -77.5    -74.5    -73.7    -72.7    -67.4    -65.5    -65.3    -65.2    -65.1    -65.1    -65.1    -65      -65      -65     
 -76.7    -76.7    -76.8    -76.9    -77.1    -77.3    -77.5    -74.8    -73.7    -72.7    -67.4    -65.5    -65.3    -65.2    -65.1    -65.1    -65.1    -65      -65      -65     
 -76.7    -76.7    -76.8    -76.9    -77.1    -77.3    -77.5    -75.1    -73.7    -72.7    -67.4    -65.5    -65.3    -65.2    -65.1    -65.1    -65.1    -65      -65      -65     
 -76.7    -76.7    -76.8    -76.9    -77.1    -77.3    -77.5    -75.3    -73.7    -72.7    -67.5    -65.5    -65.3    -65.2    -65.1    -65.1    -65.1    -65      -65      -65     
 -76.7    -76.7    -76.8    -76.9    -77.1    -77.3    -77.6    -75.6    -73.7    -72.7    -67.5    -65.5    -65.3    -65.2    -65.1    -65.1    -65.1    -65      -65      -65     
 -76.7    -76.7    -76.8    -76.9    -77.1    -77.3    -77.6    -75.8    -73.7    -72.7    -67.5    -65.5    -65.3    -65.2    -65.1    -65.1    -65.1    -65      -65      -65     
 -76.7    -76.7    -76.8    -76.9    -77.1    -77.3    -77.6    -76      -73.7    -72.7    -67.5    -65.5    -65.3    -65.2    -65.1    -65.1    -65.1    -65      -65      -65     
 -76.7    -76.7    -76.8    -76.9    -77      -77.3    -77.6    -76.2    -73.7    -72.7    -67.5    -65.5    -65.3    -65.2    -65.1    -65.1    -65.1    -65      -65      -65     
 -76.7    -76.7    -76.8    -76.9    -77      -77.3    -77.5    -76.3    -73.8    -72.7    -67.5    -65.5    -65.3    -65.2    -65.1    -65.1    -65.1    -65      -65      -65     
 -76.7    -76.7    -76.8    -76.9    -77      -77.3    -77.5    -76.5    -73.8    -72.8    -67.5    -65.5    -65.3    -65.2    -65.1    -65.1    -65.1    -65      -65      -65     
 -76.7    -76.7    -76.8    -76.9    -77      -77.3    -77.5    -76.6    -73.8    -72.8    -67.5    -65.5    -65.3    -65.2    -65.1    -65.1    -65.1    -65      -65      -65     
 -76.7    -76.7    -76.7    -76.9    -77      -77.3    -77.5    -76.7    -73.8    -72.8    -67.5    -65.5    -65.3    -65.2    -65.1    -65.1    -65.1    -65      -65      -65     
 -76.7    -76.7    -76.7    -76.9    -77      -77.3    -77.5    -76.8    -73.8    -72.8    -67.5    -65.6    -65.3    -65.2    -65.1    -65.1    -65.1    -65      -65      -65     
 -76.7    -76.7    -76.7    -76.9    -77      -77.3    -77.5    -76.9    -73.8    -72.8    -67.6    -65.6    -65.3    -65.2    -65.1    -65.1    -65.1    -65      -65      -65     
 -76.7    -76.7    -76.7    -76.9    -77      -77.3    -77.5    -77      -73.8    -72.8    -67.6    -65.6    -65.3    -65.2    -65.1    -65.1    -65.1    -65      -65      -65     
 -76.7    -76.7    -76.7    -76.9    -77      -77.3    -77.5    -77.1    -73.8    -72.8    -67.6    -65.6    -65.3    -65.2    -65.1    -65.1    -65.1    -65      -65      -65     
 -76.7    -76.7    -76.7    -76.8    -77      -77.2    -77.5    -77.2    -73.8    -72.8    -67.6    -65.6    -65.3    -65.2    -65.1    -65.1    -65.1    -65      -65      -65     
 -76.7    -76.7    -76.7    -76.8    -77      -77.2    -77.5    -77.2    -73.8    -72.8    -67.6    -65.6    -65.3    -65.2    -65.1    -65.1    -65.1    -65      -65      -65     
 -76.7    -76.7    -76.7    -76.8    -77      -77.2    -77.5    -77.3    -73.9    -72.8    -67.6    -65.6    -65.3    -65.2    -65.1    -65.1    -65.1    -65      -65      -65     
 -76.7    -76.7    -76.7    -76.8    -77      -77.2    -77.5    -77.4    -73.9    -72.8    -67.6    -65.6    -65.3    -65.2    -65.1    -65.1    -65.1    -65      -65      -65     
 -76.7    -76.7    -76.7    -76.8    -77      -77.2    -77.5    -77.4    -73.9    -72.8    -67.6    -65.6    -65.3    -65.2    -65.1    -65.1    -65.1    -65      -65      -65     
 -76.6    -76.7    -76.7    -76.8    -77      -77.2    -77.5    -77.5    -73.9    -72.8    -67.6    -65.6    -65.3    -65.2    -65.1    -65.1    -65.1    -65      -65      -65     
 -76.6    -76.6    -76.7    -76.8    -77      -77.2    -77.5    -77.5    -73.9    -72.8    -67.6    -65.6    -65.3    -65.2    -65.1    -65.1    -65.1    -65      -65      -65     
 -76.6    -76.6    -76.7    -76.8    -77      -77.2    -77.5    -77.5    -73.9    -72.9    -67.6    -65.6    -65.3    -65.2    -65.1    -65.1    -65.1    -65      -65      -65     
 -76.6    -76.6    -76.7    -76.8    -77      -77.2    -77.5    -77.6    -73.9    -72.9    -67.7    -65.6    -65.3    -65.2    -65.1    -65.1    -65.1    -65      -65      -65     
 -76.6    -76.6    -76.7    -76.8    -77      -77.2    -77.5    -77.6    -73.9    -72.9    -67.7    -65.6    -65.3    -65.2    -65.1    -65.1    -65.1    -65      -65      -65     
 -76.6    -76.6    -76.7    -76.8    -77      -77.2    -77.5    -77.6    -73.9    -72.9    -67.7    -65.6    -65.3    -65.2    -65.1    -65.1    -65.1    -65      -65      -65     
 -76.6    -76.6    -76.7    -76.8    -77      -77.2    -77.5    -77.6    -73.9    -72.9    -67.7    -65.6    -65.3    -65.2    -65.1    -65.1    -65.1    -65      -65      -65     
