9 25
 -64.9    -64.9    -64.9    -64.9    -64.9    -64.9    -64.9    -64.9    -64.9    -64.9    -64.9    -64.9    -64.9    -64.9    -64.9    -64.9    -64.9    -64.9    -64.9    -64.9    -64.9    -64.9    -64.9    0        0       
 -54.4    -54.4    -58.2    -61.7    -63.7    -64.5    -64.8    -64.9    -64.9    -64.9    -64.9    -64.9    -64.9    -64.9    -64.9    -64.9    -64.9    -64.9    -64.9    -65      -64.9    -64.9    -64.9    0        0       
 -1.62    -1.62    -42.7    -57.6    -62.2    -63.8    -64.5    -64.7    -64.9    -64.9    -64.9    -64.9    -64.9    -64.9    -64.9    -64.9    -64.9    -64.9    -64.9    -64.9    -64.9    -64.9    -64.9    0        0       
 -8.68    -8.68    10.7     31.7     15.6     -48.2    -61.5    -64.1    -64.7    -64.9    -64.9    -64.9    -64.9    -64.9    -65      -65      -65      -65      -65      -65      -64.9    -64.9    -64.9    0        0       
 -68.8    -68.8    -49.4    -27.1    -5.45    18.1     36.1     -17.4    -55.2    -63      -64.6    -64.9    -64.9    -65      -65      -65      -65      -65      -65      -65      -65      -65      -65      0        0       
 -75.9    -75.9    -75.8    -74.8    -67.6    -41.7    -20      2.19     25.5     37.1     -36.1    -59.2    -63.8    -64.8    -64.9    -65      -65      -65      -65      -65      -65      -65      -65      0        0       
 -75.2    -75.2    -75.4    -75.7    -75.8    -75.7    -73.9    -59.5    -34.2    -13      9.97     31.7     20       -47.5    -61.6    -64.3    -64.8    -65      -65      -65      -65      -65      -65      0        0       
 -74.2    -74.2    -74.5    -74.9    -75.2    -75.5    -75.8    -75.9    -75.4    -72.1    -50.3    -27.2    -5.68    17.8     36       -15.9    -55      -63      -64.6    -64.9    -65      -65      -65      0        0       
 0        0        0        0        0        0        0        0        0        0        0        0        0        0        0        0        0        0        0        0        0        0        0        0        0       
